!TxCalibrationFile
!CalibrationTime:_2023217142915
!DeviceModel:54
!DeviceUID:34365105003C005B
!DeviceHardwareVersion:0
!DeviceFirmwareVersion:11777
!DeviceBaseBandVersion:0
!DeviceBusVersion:0
!DeviceAPIVersion:2
!ExternalAttenuationSource:NoCompensation
!Fixed Exteranl Attenuation:20.000000
!Linear Exteranl Attenuation (/1GHz):0.000000
!External Attenuation File Path:E:\AProjects\TRx60\R2_htra\TxCalfile
*
415	3	11	1	4565
-50	-45	-40	-35	-30	-25	-20	-15	-10	-5	0
4108
1000000	9900000	90	100000
10000000	90000000	9	10000000
100000000	6400000000	316	20000000
0	127	112	0	0
1	127	112	0	0
2	127	111	0	0
3	127	111	0	0
4	127	111	0	0
5	127	110	0	0
6	127	110	0	0
7	127	110	0	0
8	127	110	0	0
9	127	110	0	0
10	127	109	0	0
11	127	109	0	0
12	127	109	0	0
13	127	110	0	0
14	127	110	0	0
15	127	110	0	0
16	127	110	0	0
17	127	110	0	0
18	127	110	0	0
19	127	110	0	0
20	127	110	0	0
21	127	109	0	0
22	127	109	0	0
23	127	109	0	0
24	127	109	0	0
25	127	108	0	0
26	127	109	0	0
27	127	109	0	0
28	127	109	0	0
29	127	109	0	0
30	127	109	0	0
31	127	109	0	0
32	127	109	0	0
33	127	109	0	0
34	127	109	0	0
35	127	109	0	0
36	127	109	0	0
37	127	109	0	0
38	127	109	0	0
39	127	109	0	0
40	127	109	0	0
41	127	109	0	0
42	127	109	0	0
43	127	108	0	0
44	127	109	0	0
45	127	109	0	0
46	127	109	0	0
47	127	109	0	0
48	127	109	0	0
49	127	109	0	0
50	127	109	0	0
51	127	109	0	0
52	127	109	0	0
53	127	109	0	0
54	127	109	0	0
55	127	108	0	0
56	127	108	0	0
57	127	109	0	0
58	127	109	0	0
59	127	109	0	0
60	127	109	0	0
61	127	109	0	0
62	127	109	0	0
63	127	109	0	0
64	127	109	0	0
65	127	109	0	0
66	127	109	0	0
67	127	109	0	0
68	127	109	0	0
69	127	109	0	0
70	127	109	0	0
71	127	110	0	0
72	127	109	0	0
73	127	109	0	0
74	127	109	0	0
75	127	109	0	0
76	127	109	0	0
77	127	109	0	0
78	127	108	0	0
79	127	108	0	0
80	127	109	0	0
81	127	109	0	0
82	127	109	0	0
83	127	109	0	0
84	127	108	0	0
85	127	109	0	0
86	127	109	0	0
87	127	109	0	0
88	127	109	0	0
89	127	109	0	0
90	127	109	0	0
91	127	108	0	0
92	107	1	0	0
93	107	1	0	0
94	107	1	0	0
95	107	1	0	0
96	107	1	0	0
97	108	1	0	0
98	108	1	0	0
99	108	1	0	0
100	108	1	0	0
101	108	1	0	0
102	109	1	0	0
103	109	1	0	0
104	109	1	0	0
105	109	1	0	0
106	110	1	0	0
107	110	1	0	0
108	109	1	0	0
109	110	1	0	0
110	110	1	0	0
111	113	1	0	0
112	111	1	0	0
113	111	1	0	0
114	111	1	0	0
115	111	1	0	0
116	111	1	0	0
117	112	1	0	0
118	112	1	0	0
119	111	1	0	0
120	111	1	0	0
121	113	1	0	0
122	113	1	0	0
123	112	1	0	0
124	112	1	0	0
125	114	1	0	0
126	114	1	0	0
127	114	1	0	0
128	117	1	0	0
129	114	1	0	0
130	114	1	0	0
131	114	1	0	0
132	114	1	0	0
133	114	1	0	0
134	113	1	0	0
135	113	1	0	0
136	114	1	0	0
137	114	1	0	0
138	115	1	0	0
139	116	1	0	0
140	116	1	0	0
141	114	1	0	0
142	112	1	0	0
143	111	1	0	0
144	111	1	0	0
145	110	1	0	0
146	110	1	0	0
147	110	1	0	0
148	110	1	0	0
149	109	1	0	0
150	109	1	0	0
151	110	1	0	0
152	110	1	0	0
153	110	1	0	0
154	110	1	0	0
155	112	1	0	0
156	113	1	0	0
157	114	1	0	0
158	115	1	0	0
159	115	1	0	0
160	117	1	0	0
161	118	1	0	0
162	119	1	0	0
163	119	1	0	0
164	119	1	0	0
165	119	1	0	0
166	119	1	0	0
167	119	1	0	0
168	119	1	0	0
169	119	1	0	0
170	119	1	0	0
171	120	1	0	0
172	121	1	0	0
173	121	1	0	0
174	120	1	0	0
175	120	1	0	0
176	121	1	0	0
177	121	1	0	0
178	122	1	0	0
179	123	1	0	0
180	123	1	0	0
181	125	1	0	0
182	125	1	0	0
183	126	1	0	0
184	126	1	0	0
185	127	1	0	0
186	127	1	0	0
187	127	1	0	0
188	127	1	0	0
189	127	1	0	0
190	127	1	0	0
191	127	1	0	0
192	127	1	0	0
193	127	1	0	0
194	127	1	0	0
195	127	1	0	0
196	127	1	0	0
197	127	1	0	0
198	127	1	0	0
199	127	1	0	0
200	127	1	0	0
201	127	1	0	0
202	127	1	0	0
203	127	1	0	0
204	127	1	0	0
205	127	1	0	0
206	127	1	0	0
207	127	1	0	0
208	127	1	0	0
209	125	1	0	0
210	125	1	0	0
211	125	1	0	0
212	125	1	0	0
213	124	1	0	0
214	124	1	0	0
215	124	1	0	0
216	125	1	0	0
217	125	1	0	0
218	125	1	0	0
219	125	1	0	0
220	125	1	0	0
221	124	1	0	0
222	125	1	0	0
223	125	1	0	0
224	126	1	0	0
225	127	1	0	0
226	127	1	0	0
227	127	1	0	0
228	127	1	0	0
229	127	1	0	0
230	127	1	0	0
231	127	1	0	0
232	127	1	0	0
233	127	1	0	0
234	127	1	0	0
235	127	1	0	0
236	127	1	0	0
237	127	1	0	0
238	127	1	0	0
239	127	1	0	0
240	127	1	0	0
241	127	1	0	0
242	127	1	0	0
243	127	1	0	0
244	127	1	0	0
245	127	1	0	0
246	127	1	0	0
247	127	1	0	0
248	127	1	0	0
249	127	1	0	0
250	127	1	0	0
251	127	1	0	0
252	127	1	0	0
253	127	1	0	0
254	127	1	0	0
255	127	1	0	0
256	127	1	0	0
257	127	1	0	0
258	127	1	0	0
259	127	1	0	0
260	127	1	0	0
261	127	1	0	0
262	127	1	0	0
263	127	1	0	0
264	127	1	0	0
265	127	1	0	0
266	127	1	0	0
267	127	1	0	0
268	127	1	0	0
269	127	1	0	0
270	127	1	0	0
271	127	1	0	0
272	127	1	0	0
273	127	1	0	0
274	127	1	0	0
275	127	1	0	0
276	127	1	0	0
277	127	1	0	0
278	127	1	0	0
279	127	1	0	0
280	127	1	0	0
281	127	1	0	0
282	127	1	0	0
283	127	1	0	0
284	127	1	0	0
285	127	1	0	0
286	127	1	0	0
287	127	1	0	0
288	127	1	0	0
289	127	1	0	0
290	127	1	0	0
291	127	1	0	0
292	127	1	0	0
293	127	1	0	0
294	127	1	0	0
295	127	1	0	0
296	127	1	0	0
297	127	1	0	0
298	127	1	0	0
299	127	1	0	0
300	127	1	0	0
301	127	1	0	0
302	127	1	0	0
303	127	1	0	0
304	127	1	0	0
305	127	1	0	0
306	127	1	0	0
307	127	1	0	0
308	127	1	0	0
309	127	1	0	0
310	127	1	0	0
311	127	1	0	0
312	127	1	0	0
313	127	1	0	0
314	127	1	0	0
315	127	1	0	0
316	127	1	0	0
317	127	1	0	0
318	127	1	0	0
319	127	1	0	0
320	127	1	0	0
321	127	1	0	0
322	127	1	0	0
323	127	1	0	0
324	127	1	0	0
325	127	1	0	0
326	127	1	0	0
327	127	1	0	0
328	127	1	0	0
329	127	1	0	0
330	127	1	0	0
331	127	1	0	0
332	127	1	0	0
333	127	1	0	0
334	127	1	0	0
335	127	1	0	0
336	127	1	0	0
337	127	1	0	0
338	127	1	0	0
339	127	1	0	0
340	127	1	0	0
341	127	1	0	0
342	127	1	0	0
343	127	1	0	0
344	127	1	0	0
345	127	1	0	0
346	127	1	0	0
347	127	1	0	0
348	127	1	0	0
349	127	1	0	0
350	127	1	0	0
351	127	1	0	0
352	127	1	0	0
353	127	1	0	0
354	127	1	0	0
355	127	1	0	0
356	127	1	0	0
357	127	1	0	0
358	127	1	0	0
359	127	1	0	0
360	127	1	0	0
361	127	1	0	0
362	127	1	0	0
363	126	1	0	0
364	126	1	0	0
365	122	1	0	0
366	122	1	0	0
367	122	1	0	0
368	121	1	0	0
369	121	1	0	0
370	121	1	0	0
371	121	1	0	0
372	121	1	0	0
373	121	1	0	0
374	121	1	0	0
375	121	1	0	0
376	121	1	0	0
377	122	1	0	0
378	122	1	0	0
379	122	1	0	0
380	122	1	0	0
381	122	1	0	0
382	122	1	0	0
383	122	1	0	0
384	121	1	0	0
385	121	1	0	0
386	120	1	0	0
387	120	1	0	0
388	120	1	0	0
389	119	1	0	0
390	119	1	0	0
391	117	1	0	0
392	118	1	0	0
393	117	1	0	0
394	117	1	0	0
395	117	1	0	0
396	116	1	0	0
397	116	1	0	0
398	115	1	0	0
399	115	1	0	0
400	114	1	0	0
401	113	1	0	0
402	113	1	0	0
403	114	1	0	0
404	117	1	0	0
405	124	1	0	0
406	126	1	0	0
407	125	1	0	0
408	124	1	0	0
409	123	1	0	0
410	121	1	0	0
411	121	1	0	0
412	120	1	0	0
413	120	1	0	0
414	120	1	0	0
415	127	85	0	0
416	127	85	0	0
417	127	85	0	0
418	127	85	0	0
419	127	85	0	0
420	127	85	0	0
421	127	84	0	0
422	127	84	0	0
423	127	84	0	0
424	127	84	0	0
425	127	84	0	0
426	127	84	0	0
427	127	84	0	0
428	127	84	0	0
429	127	84	0	0
430	127	84	0	0
431	127	84	0	0
432	127	84	0	0
433	127	84	0	0
434	127	84	0	0
435	127	84	0	0
436	127	84	0	0
437	127	84	0	0
438	127	84	0	0
439	127	84	0	0
440	127	84	0	0
441	127	84	0	0
442	127	84	0	0
443	127	84	0	0
444	127	84	0	0
445	127	84	0	0
446	127	84	0	0
447	127	84	0	0
448	127	84	0	0
449	127	84	0	0
450	127	84	0	0
451	127	84	0	0
452	127	84	0	0
453	127	84	0	0
454	127	84	0	0
455	127	84	0	0
456	127	84	0	0
457	127	84	0	0
458	127	84	0	0
459	127	84	0	0
460	127	84	0	0
461	127	84	0	0
462	127	84	0	0
463	127	84	0	0
464	127	84	0	0
465	127	84	0	0
466	127	84	0	0
467	127	84	0	0
468	127	84	0	0
469	127	84	0	0
470	127	84	0	0
471	127	84	0	0
472	127	84	0	0
473	127	84	0	0
474	127	84	0	0
475	127	84	0	0
476	127	84	0	0
477	127	84	0	0
478	127	84	0	0
479	127	84	0	0
480	127	84	0	0
481	127	84	0	0
482	127	84	0	0
483	127	84	0	0
484	127	84	0	0
485	127	84	0	0
486	127	84	0	0
487	127	84	0	0
488	127	84	0	0
489	127	84	0	0
490	127	84	0	0
491	127	84	0	0
492	127	84	0	0
493	127	84	0	0
494	127	84	0	0
495	127	84	0	0
496	127	84	0	0
497	127	84	0	0
498	127	84	0	0
499	127	84	0	0
500	127	84	0	0
501	127	84	0	0
502	127	84	0	0
503	127	84	0	0
504	127	84	0	0
505	127	84	0	0
506	127	83	0	0
507	86	1	0	0
508	86	1	0	0
509	86	1	0	0
510	86	1	0	0
511	86	1	0	0
512	86	1	0	0
513	87	1	0	0
514	87	1	0	0
515	87	1	0	0
516	87	1	0	0
517	87	1	0	0
518	87	1	0	0
519	87	1	0	0
520	88	1	0	0
521	88	1	0	0
522	88	1	0	0
523	88	1	0	0
524	89	1	0	0
525	89	1	0	0
526	89	1	0	0
527	89	1	0	0
528	90	1	0	0
529	90	1	0	0
530	90	1	0	0
531	90	1	0	0
532	90	1	0	0
533	90	1	0	0
534	90	1	0	0
535	90	1	0	0
536	91	1	0	0
537	91	1	0	0
538	91	1	0	0
539	91	1	0	0
540	91	1	0	0
541	92	1	0	0
542	93	1	0	0
543	93	1	0	0
544	93	1	0	0
545	93	1	0	0
546	92	1	0	0
547	92	1	0	0
548	92	1	0	0
549	92	1	0	0
550	92	1	0	0
551	92	1	0	0
552	93	1	0	0
553	94	1	0	0
554	94	1	0	0
555	94	1	0	0
556	92	1	0	0
557	90	1	0	0
558	90	1	0	0
559	89	1	0	0
560	89	1	0	0
561	89	1	0	0
562	89	1	0	0
563	89	1	0	0
564	88	1	0	0
565	88	1	0	0
566	88	1	0	0
567	88	1	0	0
568	89	1	0	0
569	89	1	0	0
570	90	1	0	0
571	91	1	0	0
572	92	1	0	0
573	93	1	0	0
574	93	1	0	0
575	94	1	0	0
576	95	1	0	0
577	96	1	0	0
578	97	1	0	0
579	97	1	0	0
580	97	1	0	0
581	97	1	0	0
582	98	1	0	0
583	98	1	0	0
584	98	1	0	0
585	98	1	0	0
586	98	1	0	0
587	99	1	0	0
588	99	1	0	0
589	99	1	0	0
590	99	1	0	0
591	100	1	0	0
592	100	1	0	0
593	101	1	0	0
594	101	1	0	0
595	102	1	0	0
596	103	1	0	0
597	104	1	0	0
598	104	1	0	0
599	105	1	0	0
600	106	1	0	0
601	106	1	0	0
602	107	1	0	0
603	107	1	0	0
604	108	1	0	0
605	108	1	0	0
606	109	1	0	0
607	110	1	0	0
608	110	1	0	0
609	111	1	0	0
610	111	1	0	0
611	111	1	0	0
612	111	1	0	0
613	111	1	0	0
614	111	1	0	0
615	110	1	0	0
616	110	1	0	0
617	110	1	0	0
618	109	1	0	0
619	108	1	0	0
620	108	1	0	0
621	107	1	0	0
622	107	1	0	0
623	106	1	0	0
624	104	1	0	0
625	104	1	0	0
626	104	1	0	0
627	103	1	0	0
628	103	1	0	0
629	103	1	0	0
630	103	1	0	0
631	103	1	0	0
632	103	1	0	0
633	103	1	0	0
634	103	1	0	0
635	103	1	0	0
636	103	1	0	0
637	103	1	0	0
638	103	1	0	0
639	104	1	0	0
640	104	1	0	0
641	105	1	0	0
642	105	1	0	0
643	106	1	0	0
644	106	1	0	0
645	106	1	0	0
646	107	1	0	0
647	107	1	0	0
648	108	1	0	0
649	109	1	0	0
650	109	1	0	0
651	110	1	0	0
652	110	1	0	0
653	110	1	0	0
654	110	1	0	0
655	110	1	0	0
656	111	1	0	0
657	111	1	0	0
658	112	1	0	0
659	112	1	0	0
660	113	1	0	0
661	113	1	0	0
662	113	1	0	0
663	114	1	0	0
664	114	1	0	0
665	114	1	0	0
666	115	1	0	0
667	115	1	0	0
668	115	1	0	0
669	115	1	0	0
670	116	1	0	0
671	118	1	0	0
672	118	1	0	0
673	118	1	0	0
674	118	1	0	0
675	118	1	0	0
676	118	1	0	0
677	118	1	0	0
678	119	1	0	0
679	119	1	0	0
680	119	1	0	0
681	119	1	0	0
682	119	1	0	0
683	119	1	0	0
684	119	1	0	0
685	119	1	0	0
686	118	1	0	0
687	118	1	0	0
688	118	1	0	0
689	118	1	0	0
690	118	1	0	0
691	118	1	0	0
692	118	1	0	0
693	118	1	0	0
694	118	1	0	0
695	118	1	0	0
696	118	1	0	0
697	116	1	0	0
698	116	1	0	0
699	116	1	0	0
700	116	1	0	0
701	116	1	0	0
702	116	1	0	0
703	116	1	0	0
704	116	1	0	0
705	115	1	0	0
706	115	1	0	0
707	115	1	0	0
708	115	1	0	0
709	115	1	0	0
710	115	1	0	0
711	115	1	0	0
712	114	1	0	0
713	114	1	0	0
714	114	1	0	0
715	114	1	0	0
716	114	1	0	0
717	114	1	0	0
718	114	1	0	0
719	114	1	0	0
720	114	1	0	0
721	114	1	0	0
722	114	1	0	0
723	114	1	0	0
724	114	1	0	0
725	114	1	0	0
726	114	1	0	0
727	113	1	0	0
728	112	1	0	0
729	112	1	0	0
730	112	1	0	0
731	110	1	0	0
732	110	1	0	0
733	110	1	0	0
734	110	1	0	0
735	110	1	0	0
736	110	1	0	0
737	110	1	0	0
738	111	1	0	0
739	111	1	0	0
740	113	1	0	0
741	114	1	0	0
742	115	1	0	0
743	115	1	0	0
744	114	1	0	0
745	113	1	0	0
746	111	1	0	0
747	110	1	0	0
748	110	1	0	0
749	109	1	0	0
750	108	1	0	0
751	108	1	0	0
752	108	1	0	0
753	111	1	0	0
754	110	1	0	0
755	110	1	0	0
756	110	1	0	0
757	109	1	0	0
758	109	1	0	0
759	109	1	0	0
760	109	1	0	0
761	109	1	0	0
762	108	1	0	0
763	108	1	0	0
764	108	1	0	0
765	108	1	0	0
766	108	1	0	0
767	107	1	0	0
768	107	1	0	0
769	107	1	0	0
770	107	1	0	0
771	107	1	0	0
772	107	1	0	0
773	106	1	0	0
774	106	1	0	0
775	106	1	0	0
776	106	1	0	0
777	106	1	0	0
778	104	1	0	0
779	104	1	0	0
780	104	1	0	0
781	103	1	0	0
782	103	1	0	0
783	103	1	0	0
784	102	1	0	0
785	102	1	0	0
786	102	1	0	0
787	102	1	0	0
788	102	1	0	0
789	102	1	0	0
790	102	1	0	0
791	102	1	0	0
792	102	1	0	0
793	103	1	0	0
794	103	1	0	0
795	103	1	0	0
796	103	1	0	0
797	103	1	0	0
798	103	1	0	0
799	102	1	0	0
800	103	1	0	0
801	102	1	0	0
802	103	1	0	0
803	102	1	0	0
804	102	1	0	0
805	102	1	0	0
806	102	1	0	0
807	102	1	0	0
808	101	1	0	0
809	101	1	0	0
810	100	1	0	0
811	100	1	0	0
812	100	1	0	0
813	99	1	0	0
814	98	1	0	0
815	97	1	0	0
816	96	1	0	0
817	96	1	0	0
818	96	1	0	0
819	97	1	0	0
820	101	1	0	0
821	103	1	0	0
822	103	1	0	0
823	103	1	0	0
824	102	1	0	0
825	102	1	0	0
826	101	1	0	0
827	101	1	0	0
828	101	1	0	0
829	101	1	0	0
830	127	64	0	0
831	127	63	0	0
832	127	63	0	0
833	127	63	0	0
834	127	63	0	0
835	127	63	0	0
836	127	63	0	0
837	127	63	0	0
838	127	63	0	0
839	127	63	0	0
840	127	62	0	0
841	127	62	0	0
842	127	63	0	0
843	127	63	0	0
844	127	63	0	0
845	127	63	0	0
846	127	63	0	0
847	127	63	0	0
848	127	63	0	0
849	127	63	0	0
850	127	62	0	0
851	127	62	0	0
852	127	63	0	0
853	127	63	0	0
854	127	63	0	0
855	127	63	0	0
856	127	63	0	0
857	127	63	0	0
858	127	63	0	0
859	127	63	0	0
860	127	63	0	0
861	127	63	0	0
862	127	63	0	0
863	127	63	0	0
864	127	63	0	0
865	127	63	0	0
866	127	63	0	0
867	127	63	0	0
868	127	63	0	0
869	127	63	0	0
870	127	63	0	0
871	127	63	0	0
872	127	63	0	0
873	127	63	0	0
874	127	63	0	0
875	127	63	0	0
876	127	63	0	0
877	127	63	0	0
878	127	63	0	0
879	127	63	0	0
880	127	63	0	0
881	127	63	0	0
882	127	63	0	0
883	127	63	0	0
884	127	63	0	0
885	127	63	0	0
886	127	63	0	0
887	127	63	0	0
888	127	63	0	0
889	127	63	0	0
890	127	63	0	0
891	127	63	0	0
892	127	63	0	0
893	127	63	0	0
894	127	63	0	0
895	127	63	0	0
896	127	63	0	0
897	127	63	0	0
898	127	63	0	0
899	127	63	0	0
900	127	62	0	0
901	127	63	0	0
902	127	63	0	0
903	127	63	0	0
904	127	62	0	0
905	127	62	0	0
906	127	62	0	0
907	127	62	0	0
908	127	62	0	0
909	127	62	0	0
910	127	62	0	0
911	127	62	0	0
912	127	62	0	0
913	127	62	0	0
914	127	62	0	0
915	127	62	0	0
916	127	62	0	0
917	127	62	0	0
918	127	62	0	0
919	127	62	0	0
920	127	62	0	0
921	127	62	0	0
922	65	1	0	0
923	66	1	0	0
924	66	1	0	0
925	66	1	0	0
926	66	1	0	0
927	66	1	0	0
928	67	1	0	0
929	67	1	0	0
930	67	1	0	0
931	67	1	0	0
932	67	1	0	0
933	67	1	0	0
934	67	1	0	0
935	68	1	0	0
936	68	1	0	0
937	68	1	0	0
938	68	1	0	0
939	68	1	0	0
940	68	1	0	0
941	69	1	0	0
942	69	1	0	0
943	69	1	0	0
944	69	1	0	0
945	69	1	0	0
946	69	1	0	0
947	69	1	0	0
948	69	1	0	0
949	69	1	0	0
950	70	1	0	0
951	71	1	0	0
952	71	1	0	0
953	71	1	0	0
954	71	1	0	0
955	71	1	0	0
956	71	1	0	0
957	72	1	0	0
958	72	1	0	0
959	72	1	0	0
960	72	1	0	0
961	72	1	0	0
962	72	1	0	0
963	72	1	0	0
964	72	1	0	0
965	72	1	0	0
966	72	1	0	0
967	72	1	0	0
968	73	1	0	0
969	74	1	0	0
970	73	1	0	0
971	71	1	0	0
972	70	1	0	0
973	69	1	0	0
974	69	1	0	0
975	69	1	0	0
976	68	1	0	0
977	68	1	0	0
978	68	1	0	0
979	68	1	0	0
980	68	1	0	0
981	68	1	0	0
982	68	1	0	0
983	68	1	0	0
984	69	1	0	0
985	70	1	0	0
986	70	1	0	0
987	71	1	0	0
988	72	1	0	0
989	72	1	0	0
990	73	1	0	0
991	74	1	0	0
992	75	1	0	0
993	76	1	0	0
994	76	1	0	0
995	77	1	0	0
996	77	1	0	0
997	77	1	0	0
998	77	1	0	0
999	77	1	0	0
1000	77	1	0	0
1001	78	1	0	0
1002	78	1	0	0
1003	78	1	0	0
1004	78	1	0	0
1005	79	1	0	0
1006	79	1	0	0
1007	80	1	0	0
1008	80	1	0	0
1009	81	1	0	0
1010	82	1	0	0
1011	82	1	0	0
1012	83	1	0	0
1013	84	1	0	0
1014	84	1	0	0
1015	85	1	0	0
1016	86	1	0	0
1017	86	1	0	0
1018	86	1	0	0
1019	87	1	0	0
1020	88	1	0	0
1021	88	1	0	0
1022	89	1	0	0
1023	90	1	0	0
1024	90	1	0	0
1025	90	1	0	0
1026	90	1	0	0
1027	90	1	0	0
1028	90	1	0	0
1029	90	1	0	0
1030	90	1	0	0
1031	90	1	0	0
1032	89	1	0	0
1033	89	1	0	0
1034	88	1	0	0
1035	87	1	0	0
1036	87	1	0	0
1037	86	1	0	0
1038	86	1	0	0
1039	84	1	0	0
1040	84	1	0	0
1041	84	1	0	0
1042	83	1	0	0
1043	83	1	0	0
1044	83	1	0	0
1045	83	1	0	0
1046	83	1	0	0
1047	83	1	0	0
1048	83	1	0	0
1049	83	1	0	0
1050	83	1	0	0
1051	83	1	0	0
1052	83	1	0	0
1053	83	1	0	0
1054	83	1	0	0
1055	84	1	0	0
1056	84	1	0	0
1057	84	1	0	0
1058	85	1	0	0
1059	85	1	0	0
1060	85	1	0	0
1061	86	1	0	0
1062	86	1	0	0
1063	87	1	0	0
1064	87	1	0	0
1065	88	1	0	0
1066	88	1	0	0
1067	88	1	0	0
1068	89	1	0	0
1069	89	1	0	0
1070	90	1	0	0
1071	90	1	0	0
1072	91	1	0	0
1073	91	1	0	0
1074	91	1	0	0
1075	92	1	0	0
1076	92	1	0	0
1077	92	1	0	0
1078	93	1	0	0
1079	93	1	0	0
1080	93	1	0	0
1081	93	1	0	0
1082	94	1	0	0
1083	94	1	0	0
1084	95	1	0	0
1085	95	1	0	0
1086	97	1	0	0
1087	97	1	0	0
1088	97	1	0	0
1089	97	1	0	0
1090	97	1	0	0
1091	97	1	0	0
1092	97	1	0	0
1093	97	1	0	0
1094	97	1	0	0
1095	97	1	0	0
1096	97	1	0	0
1097	97	1	0	0
1098	97	1	0	0
1099	97	1	0	0
1100	96	1	0	0
1101	96	1	0	0
1102	96	1	0	0
1103	96	1	0	0
1104	96	1	0	0
1105	96	1	0	0
1106	96	1	0	0
1107	96	1	0	0
1108	96	1	0	0
1109	96	1	0	0
1110	96	1	0	0
1111	96	1	0	0
1112	94	1	0	0
1113	94	1	0	0
1114	94	1	0	0
1115	94	1	0	0
1116	94	1	0	0
1117	94	1	0	0
1118	94	1	0	0
1119	94	1	0	0
1120	94	1	0	0
1121	94	1	0	0
1122	94	1	0	0
1123	94	1	0	0
1124	94	1	0	0
1125	93	1	0	0
1126	93	1	0	0
1127	93	1	0	0
1128	93	1	0	0
1129	93	1	0	0
1130	93	1	0	0
1131	93	1	0	0
1132	92	1	0	0
1133	92	1	0	0
1134	92	1	0	0
1135	92	1	0	0
1136	92	1	0	0
1137	92	1	0	0
1138	92	1	0	0
1139	92	1	0	0
1140	92	1	0	0
1141	92	1	0	0
1142	92	1	0	0
1143	90	1	0	0
1144	90	1	0	0
1145	90	1	0	0
1146	90	1	0	0
1147	90	1	0	0
1148	90	1	0	0
1149	90	1	0	0
1150	89	1	0	0
1151	89	1	0	0
1152	89	1	0	0
1153	89	1	0	0
1154	89	1	0	0
1155	89	1	0	0
1156	90	1	0	0
1157	90	1	0	0
1158	90	1	0	0
1159	90	1	0	0
1160	89	1	0	0
1161	89	1	0	0
1162	89	1	0	0
1163	88	1	0	0
1164	88	1	0	0
1165	88	1	0	0
1166	88	1	0	0
1167	88	1	0	0
1168	89	1	0	0
1169	89	1	0	0
1170	89	1	0	0
1171	88	1	0	0
1172	88	1	0	0
1173	88	1	0	0
1174	88	1	0	0
1175	88	1	0	0
1176	88	1	0	0
1177	88	1	0	0
1178	88	1	0	0
1179	88	1	0	0
1180	87	1	0	0
1181	87	1	0	0
1182	87	1	0	0
1183	87	1	0	0
1184	87	1	0	0
1185	87	1	0	0
1186	86	1	0	0
1187	86	1	0	0
1188	86	1	0	0
1189	86	1	0	0
1190	86	1	0	0
1191	86	1	0	0
1192	86	1	0	0
1193	84	1	0	0
1194	84	1	0	0
1195	85	1	0	0
1196	84	1	0	0
1197	84	1	0	0
1198	84	1	0	0
1199	84	1	0	0
1200	84	1	0	0
1201	84	1	0	0
1202	84	1	0	0
1203	84	1	0	0
1204	84	1	0	0
1205	84	1	0	0
1206	84	1	0	0
1207	84	1	0	0
1208	84	1	0	0
1209	84	1	0	0
1210	84	1	0	0
1211	84	1	0	0
1212	84	1	0	0
1213	84	1	0	0
1214	85	1	0	0
1215	84	1	0	0
1216	85	1	0	0
1217	85	1	0	0
1218	85	1	0	0
1219	84	1	0	0
1220	85	1	0	0
1221	84	1	0	0
1222	84	1	0	0
1223	84	1	0	0
1224	84	1	0	0
1225	83	1	0	0
1226	83	1	0	0
1227	83	1	0	0
1228	82	1	0	0
1229	82	1	0	0
1230	81	1	0	0
1231	80	1	0	0
1232	80	1	0	0
1233	80	1	0	0
1234	80	1	0	0
1235	82	1	0	0
1236	83	1	0	0
1237	84	1	0	0
1238	84	1	0	0
1239	83	1	0	0
1240	83	1	0	0
1241	82	1	0	0
1242	82	1	0	0
1243	82	1	0	0
1244	82	1	0	0
1245	127	43	0	1
1246	127	43	0	1
1247	127	43	0	1
1248	127	43	0	1
1249	127	43	0	1
1250	127	43	0	1
1251	127	43	0	1
1252	127	43	0	1
1253	127	42	0	1
1254	127	42	0	1
1255	127	42	0	1
1256	127	42	0	1
1257	127	42	0	1
1258	127	42	0	1
1259	127	42	0	1
1260	127	42	0	1
1261	127	42	0	1
1262	127	42	0	1
1263	127	42	0	1
1264	127	42	0	1
1265	127	42	0	1
1266	127	42	0	1
1267	127	42	0	1
1268	127	42	0	1
1269	127	42	0	1
1270	127	42	0	1
1271	127	42	0	1
1272	127	42	0	1
1273	127	42	0	1
1274	127	42	0	1
1275	127	42	0	1
1276	127	42	0	1
1277	127	42	0	1
1278	127	42	0	1
1279	127	42	0	1
1280	127	42	0	1
1281	127	42	0	1
1282	127	42	0	1
1283	127	42	0	1
1284	127	42	0	1
1285	127	42	0	1
1286	127	42	0	1
1287	127	42	0	1
1288	127	42	0	1
1289	127	42	0	1
1290	127	42	0	1
1291	127	42	0	1
1292	127	42	0	1
1293	127	42	0	1
1294	127	42	0	1
1295	127	42	0	1
1296	127	42	0	1
1297	127	42	0	1
1298	127	42	0	1
1299	127	42	0	1
1300	127	42	0	1
1301	127	42	0	1
1302	127	42	0	1
1303	127	42	0	1
1304	127	42	0	1
1305	127	42	0	1
1306	127	42	0	1
1307	127	42	0	1
1308	127	42	0	1
1309	127	42	0	1
1310	127	42	0	1
1311	127	42	0	1
1312	127	42	0	1
1313	127	42	0	1
1314	127	42	0	1
1315	127	42	0	1
1316	127	42	0	1
1317	127	42	0	1
1318	127	42	0	1
1319	127	42	0	1
1320	127	42	0	1
1321	127	42	0	1
1322	127	42	0	1
1323	127	42	0	1
1324	127	42	0	1
1325	127	42	0	1
1326	127	42	0	1
1327	127	42	0	1
1328	127	42	0	1
1329	127	42	0	1
1330	127	42	0	1
1331	127	42	0	1
1332	127	42	0	1
1333	127	42	0	1
1334	127	42	0	1
1335	127	42	0	1
1336	127	41	0	1
1337	46	1	0	1
1338	46	1	0	1
1339	46	1	0	1
1340	46	1	0	1
1341	46	1	0	1
1342	46	1	0	1
1343	46	1	0	1
1344	46	1	0	1
1345	47	1	0	1
1346	47	1	0	1
1347	47	1	0	1
1348	47	1	0	1
1349	47	1	0	1
1350	47	1	0	1
1351	48	1	0	1
1352	48	1	0	1
1353	48	1	0	1
1354	48	1	0	1
1355	48	1	0	1
1356	48	1	0	1
1357	49	1	0	1
1358	49	1	0	1
1359	49	1	0	1
1360	49	1	0	1
1361	49	1	0	1
1362	49	1	0	1
1363	49	1	0	1
1364	49	1	0	1
1365	50	1	0	1
1366	51	1	0	1
1367	51	1	0	1
1368	50	1	0	1
1369	50	1	0	1
1370	51	1	0	1
1371	51	1	0	1
1372	52	1	0	1
1373	52	1	0	1
1374	52	1	0	1
1375	52	1	0	1
1376	52	1	0	1
1377	51	1	0	1
1378	51	1	0	1
1379	51	1	0	1
1380	51	1	0	1
1381	52	1	0	1
1382	52	1	0	1
1383	53	1	0	1
1384	53	1	0	1
1385	53	1	0	1
1386	51	1	0	1
1387	50	1	0	1
1388	49	1	0	1
1389	48	1	0	1
1390	48	1	0	1
1391	48	1	0	1
1392	48	1	0	1
1393	48	1	0	1
1394	48	1	0	1
1395	48	1	0	1
1396	48	1	0	1
1397	48	1	0	1
1398	48	1	0	1
1399	49	1	0	1
1400	49	1	0	1
1401	51	1	0	1
1402	51	1	0	1
1403	52	1	0	1
1404	53	1	0	1
1405	53	1	0	1
1406	54	1	0	1
1407	55	1	0	1
1408	56	1	0	1
1409	56	1	0	1
1410	56	1	0	1
1411	57	1	0	1
1412	57	1	0	1
1413	57	1	0	1
1414	57	1	0	1
1415	57	1	0	1
1416	57	1	0	1
1417	58	1	0	1
1418	58	1	0	1
1419	58	1	0	1
1420	59	1	0	1
1421	59	1	0	1
1422	60	1	0	1
1423	60	1	0	1
1424	61	1	0	1
1425	61	1	0	1
1426	62	1	0	1
1427	63	1	0	1
1428	63	1	0	1
1429	64	1	0	1
1430	64	1	0	1
1431	65	1	0	1
1432	66	1	0	1
1433	66	1	0	1
1434	67	1	0	1
1435	68	1	0	1
1436	68	1	0	1
1437	69	1	0	1
1438	69	1	0	1
1439	70	1	0	1
1440	70	1	0	1
1441	70	1	0	1
1442	71	1	0	1
1443	71	1	0	1
1444	71	1	0	1
1445	70	1	0	1
1446	70	1	0	1
1447	70	1	0	1
1448	68	1	0	1
1449	68	1	0	1
1450	67	1	0	1
1451	67	1	0	1
1452	66	1	0	1
1453	66	1	0	1
1454	64	1	0	1
1455	64	1	0	1
1456	63	1	0	1
1457	63	1	0	1
1458	63	1	0	1
1459	63	1	0	1
1460	63	1	0	1
1461	63	1	0	1
1462	63	1	0	1
1463	63	1	0	1
1464	63	1	0	1
1465	63	1	0	1
1466	63	1	0	1
1467	63	1	0	1
1468	63	1	0	1
1469	63	1	0	1
1470	63	1	0	1
1471	64	1	0	1
1472	64	1	0	1
1473	64	1	0	1
1474	64	1	0	1
1475	65	1	0	1
1476	65	1	0	1
1477	66	1	0	1
1478	66	1	0	1
1479	67	1	0	1
1480	67	1	0	1
1481	68	1	0	1
1482	68	1	0	1
1483	68	1	0	1
1484	69	1	0	1
1485	69	1	0	1
1486	70	1	0	1
1487	71	1	0	1
1488	71	1	0	1
1489	71	1	0	1
1490	72	1	0	1
1491	72	1	0	1
1492	72	1	0	1
1493	73	1	0	1
1494	73	1	0	1
1495	73	1	0	1
1496	74	1	0	1
1497	74	1	0	1
1498	74	1	0	1
1499	74	1	0	1
1500	74	1	0	1
1501	76	1	0	1
1502	76	1	0	1
1503	76	1	0	1
1504	76	1	0	1
1505	76	1	0	1
1506	76	1	0	1
1507	76	1	0	1
1508	76	1	0	1
1509	76	1	0	1
1510	76	1	0	1
1511	76	1	0	1
1512	76	1	0	1
1513	76	1	0	1
1514	76	1	0	1
1515	76	1	0	1
1516	76	1	0	1
1517	75	1	0	1
1518	75	1	0	1
1519	75	1	0	1
1520	75	1	0	1
1521	75	1	0	1
1522	75	1	0	1
1523	75	1	0	1
1524	75	1	0	1
1525	75	1	0	1
1526	75	1	0	1
1527	74	1	0	1
1528	74	1	0	1
1529	74	1	0	1
1530	74	1	0	1
1531	74	1	0	1
1532	74	1	0	1
1533	74	1	0	1
1534	73	1	0	1
1535	73	1	0	1
1536	73	1	0	1
1537	73	1	0	1
1538	73	1	0	1
1539	73	1	0	1
1540	73	1	0	1
1541	73	1	0	1
1542	73	1	0	1
1543	72	1	0	1
1544	72	1	0	1
1545	72	1	0	1
1546	72	1	0	1
1547	72	1	0	1
1548	72	1	0	1
1549	72	1	0	1
1550	72	1	0	1
1551	72	1	0	1
1552	72	1	0	1
1553	72	1	0	1
1554	72	1	0	1
1555	72	1	0	1
1556	72	1	0	1
1557	71	1	0	1
1558	70	1	0	1
1559	70	1	0	1
1560	70	1	0	1
1561	70	1	0	1
1562	70	1	0	1
1563	70	1	0	1
1564	70	1	0	1
1565	69	1	0	1
1566	69	1	0	1
1567	69	1	0	1
1568	69	1	0	1
1569	69	1	0	1
1570	69	1	0	1
1571	69	1	0	1
1572	69	1	0	1
1573	69	1	0	1
1574	69	1	0	1
1575	69	1	0	1
1576	69	1	0	1
1577	69	1	0	1
1578	68	1	0	1
1579	68	1	0	1
1580	68	1	0	1
1581	68	1	0	1
1582	68	1	0	1
1583	68	1	0	1
1584	68	1	0	1
1585	68	1	0	1
1586	68	1	0	1
1587	68	1	0	1
1588	68	1	0	1
1589	68	1	0	1
1590	68	1	0	1
1591	68	1	0	1
1592	67	1	0	1
1593	67	1	0	1
1594	67	1	0	1
1595	67	1	0	1
1596	67	1	0	1
1597	67	1	0	1
1598	67	1	0	1
1599	67	1	0	1
1600	67	1	0	1
1601	66	1	0	1
1602	66	1	0	1
1603	66	1	0	1
1604	66	1	0	1
1605	66	1	0	1
1606	66	1	0	1
1607	65	1	0	1
1608	65	1	0	1
1609	65	1	0	1
1610	66	1	0	1
1611	66	1	0	1
1612	66	1	0	1
1613	66	1	0	1
1614	66	1	0	1
1615	66	1	0	1
1616	66	1	0	1
1617	65	1	0	1
1618	65	1	0	1
1619	65	1	0	1
1620	65	1	0	1
1621	65	1	0	1
1622	65	1	0	1
1623	65	1	0	1
1624	65	1	0	1
1625	66	1	0	1
1626	66	1	0	1
1627	66	1	0	1
1628	66	1	0	1
1629	66	1	0	1
1630	66	1	0	1
1631	66	1	0	1
1632	66	1	0	1
1633	67	1	0	1
1634	67	1	0	1
1635	67	1	0	1
1636	67	1	0	1
1637	67	1	0	1
1638	66	1	0	1
1639	66	1	0	1
1640	66	1	0	1
1641	66	1	0	1
1642	65	1	0	1
1643	65	1	0	1
1644	64	1	0	1
1645	64	1	0	1
1646	63	1	0	1
1647	62	1	0	1
1648	62	1	0	1
1649	62	1	0	1
1650	64	1	0	1
1651	65	1	0	1
1652	65	1	0	1
1653	65	1	0	1
1654	65	1	0	1
1655	64	1	0	1
1656	64	1	0	1
1657	63	1	0	1
1658	63	1	0	1
1659	63	1	0	1
1660	127	22	0	1
1661	127	22	0	1
1662	127	22	0	1
1663	127	22	0	1
1664	127	22	0	1
1665	127	22	0	1
1666	127	22	0	1
1667	127	22	0	1
1668	127	22	0	1
1669	127	22	0	1
1670	127	21	0	1
1671	127	21	0	1
1672	127	21	0	1
1673	127	21	0	1
1674	127	21	0	1
1675	127	21	0	1
1676	127	21	0	1
1677	127	21	0	1
1678	127	21	0	1
1679	127	21	0	1
1680	127	21	0	1
1681	127	21	0	1
1682	127	21	0	1
1683	127	21	0	1
1684	127	21	0	1
1685	127	21	0	1
1686	127	21	0	1
1687	127	21	0	1
1688	127	21	0	1
1689	127	21	0	1
1690	127	21	0	1
1691	127	21	0	1
1692	127	21	0	1
1693	127	21	0	1
1694	127	21	0	1
1695	127	21	0	1
1696	127	21	0	1
1697	127	21	0	1
1698	127	21	0	1
1699	127	21	0	1
1700	127	21	0	1
1701	127	21	0	1
1702	127	21	0	1
1703	127	21	0	1
1704	127	21	0	1
1705	127	21	0	1
1706	127	21	0	1
1707	127	21	0	1
1708	127	21	0	1
1709	127	21	0	1
1710	127	21	0	1
1711	127	21	0	1
1712	127	21	0	1
1713	127	21	0	1
1714	127	21	0	1
1715	127	21	0	1
1716	127	21	0	1
1717	127	21	0	1
1718	127	21	0	1
1719	127	21	0	1
1720	127	21	0	1
1721	127	21	0	1
1722	127	21	0	1
1723	127	21	0	1
1724	127	21	0	1
1725	127	21	0	1
1726	127	21	0	1
1727	127	21	0	1
1728	127	21	0	1
1729	127	21	0	1
1730	127	21	0	1
1731	127	21	0	1
1732	127	21	0	1
1733	127	21	0	1
1734	127	21	0	1
1735	127	21	0	1
1736	127	21	0	1
1737	127	21	0	1
1738	127	21	0	1
1739	127	21	0	1
1740	127	21	0	1
1741	127	21	0	1
1742	127	21	0	1
1743	127	21	0	1
1744	127	21	0	1
1745	127	21	0	1
1746	127	21	0	1
1747	127	21	0	1
1748	127	21	0	1
1749	127	21	0	1
1750	127	21	0	1
1751	127	20	0	1
1752	27	1	0	1
1753	27	1	0	1
1754	27	1	0	1
1755	27	1	0	1
1756	27	1	0	1
1757	27	1	0	1
1758	27	1	0	1
1759	27	1	0	1
1760	27	1	0	1
1761	27	1	0	1
1762	28	1	0	1
1763	28	1	0	1
1764	28	1	0	1
1765	28	1	0	1
1766	28	1	0	1
1767	28	1	0	1
1768	28	1	0	1
1769	29	1	0	1
1770	28	1	0	1
1771	28	1	0	1
1772	29	1	0	1
1773	29	1	0	1
1774	29	1	0	1
1775	29	1	0	1
1776	29	1	0	1
1777	29	1	0	1
1778	29	1	0	1
1779	29	1	0	1
1780	30	1	0	1
1781	30	1	0	1
1782	30	1	0	1
1783	30	1	0	1
1784	30	1	0	1
1785	30	1	0	1
1786	30	1	0	1
1787	31	1	0	1
1788	31	1	0	1
1789	31	1	0	1
1790	31	1	0	1
1791	31	1	0	1
1792	31	1	0	1
1793	31	1	0	1
1794	31	1	0	1
1795	31	1	0	1
1796	31	1	0	1
1797	31	1	0	1
1798	32	1	0	1
1799	33	1	0	1
1800	32	1	0	1
1801	30	1	0	1
1802	29	1	0	1
1803	28	1	0	1
1804	28	1	0	1
1805	27	1	0	1
1806	27	1	0	1
1807	27	1	0	1
1808	27	1	0	1
1809	27	1	0	1
1810	27	1	0	1
1811	27	1	0	1
1812	28	1	0	1
1813	28	1	0	1
1814	29	1	0	1
1815	29	1	0	1
1816	31	1	0	1
1817	31	1	0	1
1818	32	1	0	1
1819	32	1	0	1
1820	33	1	0	1
1821	34	1	0	1
1822	35	1	0	1
1823	36	1	0	1
1824	36	1	0	1
1825	37	1	0	1
1826	37	1	0	1
1827	37	1	0	1
1828	38	1	0	1
1829	38	1	0	1
1830	38	1	0	1
1831	38	1	0	1
1832	38	1	0	1
1833	38	1	0	1
1834	39	1	0	1
1835	39	1	0	1
1836	40	1	0	1
1837	40	1	0	1
1838	41	1	0	1
1839	41	1	0	1
1840	42	1	0	1
1841	42	1	0	1
1842	43	1	0	1
1843	43	1	0	1
1844	44	1	0	1
1845	44	1	0	1
1846	45	1	0	1
1847	46	1	0	1
1848	46	1	0	1
1849	47	1	0	1
1850	47	1	0	1
1851	48	1	0	1
1852	48	1	0	1
1853	49	1	0	1
1854	49	1	0	1
1855	49	1	0	1
1856	49	1	0	1
1857	50	1	0	1
1858	50	1	0	1
1859	50	1	0	1
1860	50	1	0	1
1861	49	1	0	1
1862	48	1	0	1
1863	48	1	0	1
1864	47	1	0	1
1865	47	1	0	1
1866	46	1	0	1
1867	46	1	0	1
1868	45	1	0	1
1869	44	1	0	1
1870	44	1	0	1
1871	43	1	0	1
1872	43	1	0	1
1873	43	1	0	1
1874	43	1	0	1
1875	43	1	0	1
1876	43	1	0	1
1877	43	1	0	1
1878	43	1	0	1
1879	43	1	0	1
1880	43	1	0	1
1881	43	1	0	1
1882	43	1	0	1
1883	43	1	0	1
1884	43	1	0	1
1885	43	1	0	1
1886	44	1	0	1
1887	44	1	0	1
1888	44	1	0	1
1889	44	1	0	1
1890	45	1	0	1
1891	45	1	0	1
1892	46	1	0	1
1893	46	1	0	1
1894	47	1	0	1
1895	47	1	0	1
1896	48	1	0	1
1897	48	1	0	1
1898	48	1	0	1
1899	49	1	0	1
1900	49	1	0	1
1901	50	1	0	1
1902	50	1	0	1
1903	50	1	0	1
1904	51	1	0	1
1905	51	1	0	1
1906	51	1	0	1
1907	52	1	0	1
1908	52	1	0	1
1909	52	1	0	1
1910	53	1	0	1
1911	53	1	0	1
1912	53	1	0	1
1913	53	1	0	1
1914	54	1	0	1
1915	54	1	0	1
1916	55	1	0	1
1917	55	1	0	1
1918	55	1	0	1
1919	56	1	0	1
1920	57	1	0	1
1921	57	1	0	1
1922	57	1	0	1
1923	57	1	0	1
1924	57	1	0	1
1925	56	1	0	1
1926	56	1	0	1
1927	56	1	0	1
1928	56	1	0	1
1929	56	1	0	1
1930	56	1	0	1
1931	56	1	0	1
1932	56	1	0	1
1933	55	1	0	1
1934	55	1	0	1
1935	55	1	0	1
1936	55	1	0	1
1937	55	1	0	1
1938	55	1	0	1
1939	55	1	0	1
1940	55	1	0	1
1941	55	1	0	1
1942	53	1	0	1
1943	53	1	0	1
1944	53	1	0	1
1945	53	1	0	1
1946	53	1	0	1
1947	53	1	0	1
1948	53	1	0	1
1949	53	1	0	1
1950	53	1	0	1
1951	53	1	0	1
1952	53	1	0	1
1953	53	1	0	1
1954	53	1	0	1
1955	53	1	0	1
1956	53	1	0	1
1957	53	1	0	1
1958	53	1	0	1
1959	53	1	0	1
1960	52	1	0	1
1961	52	1	0	1
1962	52	1	0	1
1963	52	1	0	1
1964	52	1	0	1
1965	52	1	0	1
1966	52	1	0	1
1967	52	1	0	1
1968	52	1	0	1
1969	52	1	0	1
1970	52	1	0	1
1971	52	1	0	1
1972	52	1	0	1
1973	51	1	0	1
1974	51	1	0	1
1975	50	1	0	1
1976	50	1	0	1
1977	50	1	0	1
1978	50	1	0	1
1979	50	1	0	1
1980	50	1	0	1
1981	50	1	0	1
1982	49	1	0	1
1983	49	1	0	1
1984	49	1	0	1
1985	49	1	0	1
1986	49	1	0	1
1987	49	1	0	1
1988	49	1	0	1
1989	49	1	0	1
1990	49	1	0	1
1991	49	1	0	1
1992	49	1	0	1
1993	49	1	0	1
1994	49	1	0	1
1995	49	1	0	1
1996	49	1	0	1
1997	49	1	0	1
1998	48	1	0	1
1999	48	1	0	1
2000	48	1	0	1
2001	48	1	0	1
2002	48	1	0	1
2003	48	1	0	1
2004	48	1	0	1
2005	48	1	0	1
2006	48	1	0	1
2007	48	1	0	1
2008	48	1	0	1
2009	48	1	0	1
2010	48	1	0	1
2011	47	1	0	1
2012	47	1	0	1
2013	47	1	0	1
2014	47	1	0	1
2015	47	1	0	1
2016	47	1	0	1
2017	47	1	0	1
2018	47	1	0	1
2019	46	1	0	1
2020	46	1	0	1
2021	46	1	0	1
2022	46	1	0	1
2023	46	1	0	1
2024	46	1	0	1
2025	47	1	0	1
2026	47	1	0	1
2027	47	1	0	1
2028	47	1	0	1
2029	46	1	0	1
2030	46	1	0	1
2031	46	1	0	1
2032	46	1	0	1
2033	46	1	0	1
2034	46	1	0	1
2035	46	1	0	1
2036	46	1	0	1
2037	46	1	0	1
2038	46	1	0	1
2039	46	1	0	1
2040	46	1	0	1
2041	47	1	0	1
2042	47	1	0	1
2043	47	1	0	1
2044	47	1	0	1
2045	47	1	0	1
2046	47	1	0	1
2047	47	1	0	1
2048	47	1	0	1
2049	47	1	0	1
2050	48	1	0	1
2051	48	1	0	1
2052	48	1	0	1
2053	48	1	0	1
2054	47	1	0	1
2055	47	1	0	1
2056	47	1	0	1
2057	47	1	0	1
2058	46	1	0	1
2059	46	1	0	1
2060	45	1	0	1
2061	45	1	0	1
2062	44	1	0	1
2063	44	1	0	1
2064	45	1	0	1
2065	45	1	0	1
2066	46	1	0	1
2067	46	1	0	1
2068	46	1	0	1
2069	45	1	0	1
2070	45	1	0	1
2071	44	1	0	1
2072	44	1	0	1
2073	44	1	0	1
2074	44	1	0	1
2075	114	0	0	1
2076	114	0	0	1
2077	113	0	0	1
2078	113	0	0	1
2079	113	0	0	1
2080	113	0	0	1
2081	113	0	0	1
2082	113	0	0	1
2083	113	0	0	1
2084	113	0	0	1
2085	113	0	0	1
2086	113	0	0	1
2087	113	0	0	1
2088	113	0	0	1
2089	113	0	0	1
2090	113	0	0	1
2091	113	0	0	1
2092	113	0	0	1
2093	113	0	0	1
2094	113	0	0	1
2095	113	0	0	1
2096	113	0	0	1
2097	113	0	0	1
2098	113	0	0	1
2099	113	0	0	1
2100	113	0	0	1
2101	113	0	0	1
2102	113	0	0	1
2103	113	0	0	1
2104	113	0	0	1
2105	113	0	0	1
2106	113	0	0	1
2107	113	0	0	1
2108	113	0	0	1
2109	113	0	0	1
2110	113	0	0	1
2111	113	0	0	1
2112	113	0	0	1
2113	113	0	0	1
2114	113	0	0	1
2115	113	0	0	1
2116	113	0	0	1
2117	113	0	0	1
2118	113	0	0	1
2119	113	0	0	1
2120	113	0	0	1
2121	113	0	0	1
2122	113	0	0	1
2123	113	0	0	1
2124	113	0	0	1
2125	113	0	0	1
2126	113	0	0	1
2127	113	0	0	1
2128	113	0	0	1
2129	113	0	0	1
2130	113	0	0	1
2131	113	0	0	1
2132	113	0	0	1
2133	113	0	0	1
2134	113	0	0	1
2135	113	0	0	1
2136	113	0	0	1
2137	113	0	0	1
2138	113	0	0	1
2139	113	0	0	1
2140	113	0	0	1
2141	113	0	0	1
2142	113	0	0	1
2143	113	0	0	1
2144	113	0	0	1
2145	113	0	0	1
2146	113	0	0	1
2147	113	0	0	1
2148	113	0	0	1
2149	113	0	0	1
2150	113	0	0	1
2151	113	0	0	1
2152	113	0	0	1
2153	112	0	0	1
2154	112	0	0	1
2155	112	0	0	1
2156	112	0	0	1
2157	112	0	0	1
2158	112	0	0	1
2159	112	0	0	1
2160	112	0	0	1
2161	112	0	0	1
2162	112	0	0	1
2163	112	0	0	1
2164	112	0	0	1
2165	112	0	0	1
2166	111	0	0	1
2167	33	2	0	1
2168	33	2	0	1
2169	33	2	0	1
2170	33	2	0	1
2171	33	2	0	1
2172	33	2	0	1
2173	33	2	0	1
2174	33	2	0	1
2175	33	2	0	1
2176	32	2	0	1
2177	32	2	0	1
2178	32	2	0	1
2179	32	2	0	1
2180	32	2	0	1
2181	32	2	0	1
2182	31	2	0	1
2183	31	2	0	1
2184	31	2	0	1
2185	31	2	0	1
2186	31	2	0	1
2187	31	2	0	1
2188	31	2	0	1
2189	31	2	0	1
2190	30	2	0	1
2191	30	2	0	1
2192	30	2	0	1
2193	30	2	0	1
2194	29	2	0	1
2195	29	2	0	1
2196	29	2	0	1
2197	29	2	0	1
2198	28	2	0	1
2199	28	2	0	1
2200	28	2	0	1
2201	28	2	0	1
2202	28	2	0	1
2203	28	2	0	1
2204	28	2	0	1
2205	27	2	0	1
2206	27	2	0	1
2207	26	2	0	1
2208	26	2	0	1
2209	26	2	0	1
2210	26	2	0	1
2211	26	2	0	1
2212	26	2	0	1
2213	26	2	0	1
2214	27	2	0	1
2215	27	2	0	1
2216	26	2	0	1
2217	25	2	0	1
2218	25	2	0	1
2219	25	2	0	1
2220	24	2	0	1
2221	24	2	0	1
2222	24	2	0	1
2223	24	2	0	1
2224	23	2	0	1
2225	23	2	0	1
2226	23	2	0	1
2227	23	2	0	1
2228	23	2	0	1
2229	23	2	0	1
2230	24	2	0	1
2231	24	2	0	1
2232	25	2	0	1
2233	25	2	0	1
2234	26	2	0	1
2235	26	2	0	1
2236	27	2	0	1
2237	27	2	0	1
2238	28	2	0	1
2239	28	2	0	1
2240	28	2	0	1
2241	28	2	0	1
2242	28	2	0	1
2243	28	2	0	1
2244	28	2	0	1
2245	28	2	0	1
2246	28	2	0	1
2247	28	2	0	1
2248	28	2	0	1
2249	29	2	0	1
2250	29	2	0	1
2251	29	2	0	1
2252	29	2	0	1
2253	30	2	0	1
2254	30	2	0	1
2255	30	2	0	1
2256	30	2	0	1
2257	30	2	0	1
2258	31	2	0	1
2259	31	2	0	1
2260	32	2	0	1
2261	32	2	0	1
2262	33	2	0	1
2263	33	2	0	1
2264	34	2	0	1
2265	34	2	0	1
2266	35	2	0	1
2267	35	2	0	1
2268	35	2	0	1
2269	36	2	0	1
2270	36	2	0	1
2271	36	2	0	1
2272	37	2	0	1
2273	37	2	0	1
2274	37	2	0	1
2275	36	2	0	1
2276	36	2	0	1
2277	36	2	0	1
2278	35	2	0	1
2279	34	2	0	1
2280	34	2	0	1
2281	33	2	0	1
2282	32	2	0	1
2283	32	2	0	1
2284	31	2	0	1
2285	31	2	0	1
2286	30	2	0	1
2287	30	2	0	1
2288	30	2	0	1
2289	29	2	0	1
2290	29	2	0	1
2291	29	2	0	1
2292	29	2	0	1
2293	29	2	0	1
2294	29	2	0	1
2295	29	2	0	1
2296	29	2	0	1
2297	29	2	0	1
2298	29	2	0	1
2299	29	2	0	1
2300	29	2	0	1
2301	29	2	0	1
2302	29	2	0	1
2303	29	2	0	1
2304	29	2	0	1
2305	29	2	0	1
2306	30	2	0	1
2307	30	2	0	1
2308	30	2	0	1
2309	31	2	0	1
2310	31	2	0	1
2311	31	2	0	1
2312	32	2	0	1
2313	32	2	0	1
2314	33	2	0	1
2315	33	2	0	1
2316	33	2	0	1
2317	34	2	0	1
2318	34	2	0	1
2319	34	2	0	1
2320	34	2	0	1
2321	34	2	0	1
2322	35	2	0	1
2323	35	2	0	1
2324	35	2	0	1
2325	35	2	0	1
2326	35	2	0	1
2327	35	2	0	1
2328	36	2	0	1
2329	36	2	0	1
2330	36	2	0	1
2331	36	2	0	1
2332	36	2	0	1
2333	36	2	0	1
2334	36	2	0	1
2335	36	2	0	1
2336	36	2	0	1
2337	36	2	0	1
2338	36	2	0	1
2339	36	2	0	1
2340	35	2	0	1
2341	35	2	0	1
2342	35	2	0	1
2343	34	2	0	1
2344	34	2	0	1
2345	34	2	0	1
2346	34	2	0	1
2347	34	2	0	1
2348	33	2	0	1
2349	33	2	0	1
2350	33	2	0	1
2351	33	2	0	1
2352	33	2	0	1
2353	33	2	0	1
2354	33	2	0	1
2355	33	2	0	1
2356	34	2	0	1
2357	32	2	0	1
2358	32	2	0	1
2359	32	2	0	1
2360	32	2	0	1
2361	32	2	0	1
2362	32	2	0	1
2363	32	2	0	1
2364	32	2	0	1
2365	32	2	0	1
2366	32	2	0	1
2367	32	2	0	1
2368	32	2	0	1
2369	32	2	0	1
2370	32	2	0	1
2371	31	2	0	1
2372	31	2	0	1
2373	31	2	0	1
2374	31	2	0	1
2375	31	2	0	1
2376	31	2	0	1
2377	31	2	0	1
2378	31	2	0	1
2379	30	2	0	1
2380	30	2	0	1
2381	30	2	0	1
2382	30	2	0	1
2383	30	2	0	1
2384	30	2	0	1
2385	30	2	0	1
2386	29	2	0	1
2387	29	2	0	1
2388	29	2	0	1
2389	29	2	0	1
2390	28	2	0	1
2391	28	2	0	1
2392	28	2	0	1
2393	28	2	0	1
2394	28	2	0	1
2395	28	2	0	1
2396	27	2	0	1
2397	27	2	0	1
2398	27	2	0	1
2399	27	2	0	1
2400	27	2	0	1
2401	27	2	0	1
2402	27	2	0	1
2403	27	2	0	1
2404	27	2	0	1
2405	27	2	0	1
2406	27	2	0	1
2407	27	2	0	1
2408	26	2	0	1
2409	26	2	0	1
2410	26	2	0	1
2411	26	2	0	1
2412	26	2	0	1
2413	26	2	0	1
2414	26	2	0	1
2415	25	2	0	1
2416	25	2	0	1
2417	25	2	0	1
2418	25	2	0	1
2419	25	2	0	1
2420	25	2	0	1
2421	25	2	0	1
2422	25	2	0	1
2423	25	2	0	1
2424	25	2	0	1
2425	24	2	0	1
2426	24	2	0	1
2427	24	2	0	1
2428	24	2	0	1
2429	24	2	0	1
2430	24	2	0	1
2431	24	2	0	1
2432	24	2	0	1
2433	24	2	0	1
2434	23	2	0	1
2435	23	2	0	1
2436	23	2	0	1
2437	23	2	0	1
2438	22	2	0	1
2439	22	2	0	1
2440	24	2	0	1
2441	24	2	0	1
2442	24	2	0	1
2443	24	2	0	1
2444	24	2	0	1
2445	24	2	0	1
2446	23	2	0	1
2447	23	2	0	1
2448	23	2	0	1
2449	23	2	0	1
2450	23	2	0	1
2451	23	2	0	1
2452	24	2	0	1
2453	24	2	0	1
2454	24	2	0	1
2455	24	2	0	1
2456	24	2	0	1
2457	25	2	0	1
2458	25	2	0	1
2459	25	2	0	1
2460	25	2	0	1
2461	25	2	0	1
2462	26	2	0	1
2463	26	2	0	1
2464	26	2	0	1
2465	26	2	0	1
2466	26	2	0	1
2467	26	2	0	1
2468	26	2	0	1
2469	26	2	0	1
2470	26	2	0	1
2471	26	2	0	1
2472	26	2	0	1
2473	25	2	0	1
2474	25	2	0	1
2475	25	2	0	1
2476	24	2	0	1
2477	24	2	0	1
2478	24	2	0	1
2479	24	2	0	1
2480	25	2	0	1
2481	25	2	0	1
2482	25	2	0	1
2483	24	2	0	1
2484	24	2	0	1
2485	24	2	0	1
2486	23	2	0	1
2487	23	2	0	1
2488	23	2	0	1
2489	23	2	0	1
2490	94	0	0	3
2491	94	0	0	3
2492	94	0	0	3
2493	93	0	0	3
2494	93	0	0	3
2495	93	0	0	3
2496	93	0	0	3
2497	93	0	0	3
2498	93	0	0	3
2499	93	0	0	3
2500	93	0	0	3
2501	93	0	0	3
2502	93	0	0	3
2503	93	0	0	3
2504	93	0	0	3
2505	93	0	0	3
2506	93	0	0	3
2507	93	0	0	3
2508	93	0	0	3
2509	93	0	0	3
2510	93	0	0	3
2511	93	0	0	3
2512	93	0	0	3
2513	93	0	0	3
2514	93	0	0	3
2515	93	0	0	3
2516	93	0	0	3
2517	93	0	0	3
2518	93	0	0	3
2519	93	0	0	3
2520	93	0	0	3
2521	93	0	0	3
2522	93	0	0	3
2523	93	0	0	3
2524	93	0	0	3
2525	93	0	0	3
2526	93	0	0	3
2527	93	0	0	3
2528	93	0	0	3
2529	93	0	0	3
2530	93	0	0	3
2531	93	0	0	3
2532	93	0	0	3
2533	93	0	0	3
2534	93	0	0	3
2535	93	0	0	3
2536	93	0	0	3
2537	93	0	0	3
2538	93	0	0	3
2539	93	0	0	3
2540	93	0	0	3
2541	93	0	0	3
2542	93	0	0	3
2543	93	0	0	3
2544	93	0	0	3
2545	93	0	0	3
2546	93	0	0	3
2547	93	0	0	3
2548	93	0	0	3
2549	93	0	0	3
2550	93	0	0	3
2551	93	0	0	3
2552	93	0	0	3
2553	93	0	0	3
2554	93	0	0	3
2555	93	0	0	3
2556	93	0	0	3
2557	93	0	0	3
2558	93	0	0	3
2559	93	0	0	3
2560	93	0	0	3
2561	93	0	0	3
2562	93	0	0	3
2563	93	0	0	3
2564	93	0	0	3
2565	93	0	0	3
2566	93	0	0	3
2567	93	0	0	3
2568	93	0	0	3
2569	93	0	0	3
2570	93	0	0	3
2571	93	0	0	3
2572	93	0	0	3
2573	93	0	0	3
2574	93	0	0	3
2575	93	0	0	3
2576	92	0	0	3
2577	92	0	0	3
2578	92	0	0	3
2579	92	0	0	3
2580	92	0	0	3
2581	91	0	0	3
2582	64	6	0	3
2583	64	6	0	3
2584	64	6	0	3
2585	64	6	0	3
2586	64	6	0	3
2587	63	6	0	3
2588	63	6	0	3
2589	63	6	0	3
2590	63	6	0	3
2591	63	6	0	3
2592	62	6	0	3
2593	62	6	0	3
2594	62	6	0	3
2595	61	6	0	3
2596	61	6	0	3
2597	61	6	0	3
2598	61	6	0	3
2599	60	6	0	3
2600	60	6	0	3
2601	60	6	0	3
2602	60	6	0	3
2603	60	6	0	3
2604	59	6	0	3
2605	59	6	0	3
2606	59	6	0	3
2607	59	6	0	3
2608	58	6	0	3
2609	58	6	0	3
2610	58	6	0	3
2611	58	6	0	3
2612	58	6	0	3
2613	58	6	0	3
2614	58	6	0	3
2615	58	6	0	3
2616	57	6	0	3
2617	57	6	0	3
2618	57	6	0	3
2619	57	6	0	3
2620	56	6	0	3
2621	56	6	0	3
2622	56	6	0	3
2623	55	6	0	3
2624	55	6	0	3
2625	54	6	0	3
2626	54	6	0	3
2627	54	6	0	3
2628	54	6	0	3
2629	54	6	0	3
2630	54	6	0	3
2631	54	6	0	3
2632	53	6	0	3
2633	53	6	0	3
2634	53	6	0	3
2635	53	6	0	3
2636	52	6	0	3
2637	52	6	0	3
2638	52	6	0	3
2639	52	6	0	3
2640	52	6	0	3
2641	52	6	0	3
2642	52	6	0	3
2643	52	6	0	3
2644	52	6	0	3
2645	53	6	0	3
2646	53	6	0	3
2647	53	6	0	3
2648	53	6	0	3
2649	54	6	0	3
2650	54	6	0	3
2651	54	6	0	3
2652	54	6	0	3
2653	55	6	0	3
2654	55	6	0	3
2655	55	6	0	3
2656	55	6	0	3
2657	55	6	0	3
2658	55	6	0	3
2659	55	6	0	3
2660	55	6	0	3
2661	56	6	0	3
2662	55	6	0	3
2663	56	6	0	3
2664	56	6	0	3
2665	56	6	0	3
2666	56	6	0	3
2667	56	6	0	3
2668	56	6	0	3
2669	56	6	0	3
2670	56	6	0	3
2671	56	6	0	3
2672	56	6	0	3
2673	57	6	0	3
2674	57	6	0	3
2675	57	6	0	3
2676	58	6	0	3
2677	58	6	0	3
2678	58	6	0	3
2679	58	6	0	3
2680	59	6	0	3
2681	59	6	0	3
2682	59	6	0	3
2683	59	6	0	3
2684	59	6	0	3
2685	58	6	0	3
2686	58	6	0	3
2687	58	6	0	3
2688	57	6	0	3
2689	57	6	0	3
2690	56	6	0	3
2691	56	6	0	3
2692	55	6	0	3
2693	54	6	0	3
2694	53	6	0	3
2695	53	6	0	3
2696	52	6	0	3
2697	52	6	0	3
2698	51	6	0	3
2699	51	6	0	3
2700	51	6	0	3
2701	51	6	0	3
2702	51	6	0	3
2703	50	6	0	3
2704	50	6	0	3
2705	50	6	0	3
2706	49	6	0	3
2707	49	6	0	3
2708	49	6	0	3
2709	49	6	0	3
2710	49	6	0	3
2711	49	6	0	3
2712	49	6	0	3
2713	49	6	0	3
2714	49	6	0	3
2715	49	6	0	3
2716	49	6	0	3
2717	49	6	0	3
2718	49	6	0	3
2719	49	6	0	3
2720	49	6	0	3
2721	49	6	0	3
2722	49	6	0	3
2723	49	6	0	3
2724	50	6	0	3
2725	50	6	0	3
2726	50	6	0	3
2727	50	6	0	3
2728	50	6	0	3
2729	50	6	0	3
2730	51	6	0	3
2731	51	6	0	3
2732	51	6	0	3
2733	51	6	0	3
2734	51	6	0	3
2735	52	6	0	3
2736	52	6	0	3
2737	52	6	0	3
2738	52	6	0	3
2739	52	6	0	3
2740	52	6	0	3
2741	53	6	0	3
2742	53	6	0	3
2743	53	6	0	3
2744	53	6	0	3
2745	53	6	0	3
2746	53	6	0	3
2747	53	6	0	3
2748	53	6	0	3
2749	53	6	0	3
2750	53	6	0	3
2751	53	6	0	3
2752	52	6	0	3
2753	52	6	0	3
2754	52	6	0	3
2755	52	6	0	3
2756	52	6	0	3
2757	51	6	0	3
2758	51	6	0	3
2759	50	6	0	3
2760	50	6	0	3
2761	50	6	0	3
2762	49	6	0	3
2763	48	6	0	3
2764	48	6	0	3
2765	48	6	0	3
2766	47	6	0	3
2767	47	6	0	3
2768	47	6	0	3
2769	47	6	0	3
2770	46	6	0	3
2771	46	6	0	3
2772	46	6	0	3
2773	46	6	0	3
2774	45	6	0	3
2775	45	6	0	3
2776	45	6	0	3
2777	45	6	0	3
2778	45	6	0	3
2779	45	6	0	3
2780	45	6	0	3
2781	44	6	0	3
2782	44	6	0	3
2783	44	6	0	3
2784	44	6	0	3
2785	44	6	0	3
2786	44	6	0	3
2787	43	6	0	3
2788	43	6	0	3
2789	43	6	0	3
2790	43	6	0	3
2791	43	6	0	3
2792	43	6	0	3
2793	43	6	0	3
2794	42	6	0	3
2795	42	6	0	3
2796	42	6	0	3
2797	42	6	0	3
2798	42	6	0	3
2799	42	6	0	3
2800	42	6	0	3
2801	42	6	0	3
2802	41	6	0	3
2803	41	6	0	3
2804	41	6	0	3
2805	41	6	0	3
2806	40	6	0	3
2807	40	6	0	3
2808	40	6	0	3
2809	40	6	0	3
2810	39	6	0	3
2811	39	6	0	3
2812	39	6	0	3
2813	39	6	0	3
2814	39	6	0	3
2815	38	6	0	3
2816	38	6	0	3
2817	38	6	0	3
2818	38	6	0	3
2819	38	6	0	3
2820	38	6	0	3
2821	38	6	0	3
2822	38	6	0	3
2823	37	6	0	3
2824	37	6	0	3
2825	37	6	0	3
2826	37	6	0	3
2827	37	6	0	3
2828	36	6	0	3
2829	36	6	0	3
2830	36	6	0	3
2831	35	6	0	3
2832	35	6	0	3
2833	35	6	0	3
2834	35	6	0	3
2835	35	6	0	3
2836	35	6	0	3
2837	35	6	0	3
2838	35	6	0	3
2839	35	6	0	3
2840	35	6	0	3
2841	34	6	0	3
2842	34	6	0	3
2843	34	6	0	3
2844	34	6	0	3
2845	34	6	0	3
2846	34	6	0	3
2847	34	6	0	3
2848	34	6	0	3
2849	33	6	0	3
2850	33	6	0	3
2851	33	6	0	3
2852	33	6	0	3
2853	32	6	0	3
2854	32	6	0	3
2855	33	6	0	3
2856	32	6	0	3
2857	32	6	0	3
2858	32	6	0	3
2859	32	6	0	3
2860	31	6	0	3
2861	31	6	0	3
2862	31	6	0	3
2863	31	6	0	3
2864	31	6	0	3
2865	31	6	0	3
2866	31	6	0	3
2867	31	6	0	3
2868	31	6	0	3
2869	31	6	0	3
2870	31	6	0	3
2871	31	6	0	3
2872	31	6	0	3
2873	31	6	0	3
2874	31	6	0	3
2875	31	6	0	3
2876	31	6	0	3
2877	31	6	0	3
2878	31	6	0	3
2879	31	6	0	3
2880	31	6	0	3
2881	30	6	0	3
2882	30	6	0	3
2883	30	6	0	3
2884	30	6	0	3
2885	29	6	0	3
2886	29	6	0	3
2887	29	6	0	3
2888	28	6	0	3
2889	28	6	0	3
2890	27	6	0	3
2891	27	6	0	3
2892	26	6	0	3
2893	26	6	0	3
2894	27	6	0	3
2895	27	6	0	3
2896	27	6	0	3
2897	27	6	0	3
2898	27	6	0	3
2899	26	6	0	3
2900	26	6	0	3
2901	25	6	0	3
2902	25	6	0	3
2903	25	6	0	3
2904	25	6	0	3
2905	74	0	0	3
2906	74	0	0	3
2907	73	0	0	3
2908	73	0	0	3
2909	73	0	0	3
2910	73	0	0	3
2911	73	0	0	3
2912	73	0	0	3
2913	73	0	0	3
2914	73	0	0	3
2915	73	0	0	3
2916	73	0	0	3
2917	73	0	0	3
2918	73	0	0	3
2919	73	0	0	3
2920	73	0	0	3
2921	73	0	0	3
2922	73	0	0	3
2923	73	0	0	3
2924	73	0	0	3
2925	73	0	0	3
2926	73	0	0	3
2927	73	0	0	3
2928	73	0	0	3
2929	73	0	0	3
2930	73	0	0	3
2931	73	0	0	3
2932	73	0	0	3
2933	73	0	0	3
2934	73	0	0	3
2935	73	0	0	3
2936	73	0	0	3
2937	73	0	0	3
2938	73	0	0	3
2939	73	0	0	3
2940	73	0	0	3
2941	73	0	0	3
2942	73	0	0	3
2943	73	0	0	3
2944	73	0	0	3
2945	73	0	0	3
2946	73	0	0	3
2947	73	0	0	3
2948	73	0	0	3
2949	73	0	0	3
2950	73	0	0	3
2951	73	0	0	3
2952	73	0	0	3
2953	73	0	0	3
2954	73	0	0	3
2955	73	0	0	3
2956	73	0	0	3
2957	73	0	0	3
2958	73	0	0	3
2959	73	0	0	3
2960	73	0	0	3
2961	73	0	0	3
2962	73	0	0	3
2963	73	0	0	3
2964	73	0	0	3
2965	73	0	0	3
2966	73	0	0	3
2967	73	0	0	3
2968	73	0	0	3
2969	73	0	0	3
2970	73	0	0	3
2971	73	0	0	3
2972	73	0	0	3
2973	73	0	0	3
2974	73	0	0	3
2975	73	0	0	3
2976	73	0	0	3
2977	73	0	0	3
2978	73	0	0	3
2979	73	0	0	3
2980	73	0	0	3
2981	73	0	0	3
2982	73	0	0	3
2983	73	0	0	3
2984	72	0	0	3
2985	72	0	0	3
2986	72	0	0	3
2987	72	0	0	3
2988	72	0	0	3
2989	72	0	0	3
2990	72	0	0	3
2991	72	0	0	3
2992	72	0	0	3
2993	72	0	0	3
2994	72	0	0	3
2995	72	0	0	3
2996	71	0	0	3
2997	59	8	0	3
2998	59	8	0	3
2999	59	8	0	3
3000	59	8	0	3
3001	59	8	0	3
3002	59	8	0	3
3003	58	8	0	3
3004	58	8	0	3
3005	58	8	0	3
3006	57	8	0	3
3007	57	8	0	3
3008	56	8	0	3
3009	56	8	0	3
3010	56	8	0	3
3011	55	8	0	3
3012	55	8	0	3
3013	55	8	0	3
3014	55	8	0	3
3015	54	8	0	3
3016	54	8	0	3
3017	54	8	0	3
3018	54	8	0	3
3019	53	8	0	3
3020	53	8	0	3
3021	53	8	0	3
3022	52	8	0	3
3023	52	8	0	3
3024	52	8	0	3
3025	52	8	0	3
3026	52	8	0	3
3027	52	8	0	3
3028	52	8	0	3
3029	51	8	0	3
3030	51	8	0	3
3031	51	8	0	3
3032	50	8	0	3
3033	50	8	0	3
3034	50	8	0	3
3035	50	8	0	3
3036	49	8	0	3
3037	48	8	0	3
3038	48	8	0	3
3039	48	8	0	3
3040	48	8	0	3
3041	48	8	0	3
3042	48	8	0	3
3043	48	8	0	3
3044	48	8	0	3
3045	47	8	0	3
3046	47	8	0	3
3047	46	8	0	3
3048	46	8	0	3
3049	46	8	0	3
3050	46	8	0	3
3051	46	8	0	3
3052	46	8	0	3
3053	46	8	0	3
3054	46	8	0	3
3055	46	8	0	3
3056	46	8	0	3
3057	47	8	0	3
3058	47	8	0	3
3059	47	8	0	3
3060	47	8	0	3
3061	47	8	0	3
3062	48	8	0	3
3063	48	8	0	3
3064	48	8	0	3
3065	49	8	0	3
3066	49	8	0	3
3067	49	8	0	3
3068	49	8	0	3
3069	50	8	0	3
3070	50	8	0	3
3071	50	8	0	3
3072	50	8	0	3
3073	50	8	0	3
3074	50	8	0	3
3075	50	8	0	3
3076	50	8	0	3
3077	50	8	0	3
3078	50	8	0	3
3079	50	8	0	3
3080	50	8	0	3
3081	50	8	0	3
3082	50	8	0	3
3083	50	8	0	3
3084	50	8	0	3
3085	51	8	0	3
3086	51	8	0	3
3087	51	8	0	3
3088	51	8	0	3
3089	52	8	0	3
3090	52	8	0	3
3091	52	8	0	3
3092	52	8	0	3
3093	53	8	0	3
3094	53	8	0	3
3095	53	8	0	3
3096	53	8	0	3
3097	53	8	0	3
3098	53	8	0	3
3099	53	8	0	3
3100	53	8	0	3
3101	52	8	0	3
3102	52	8	0	3
3103	51	8	0	3
3104	51	8	0	3
3105	50	8	0	3
3106	50	8	0	3
3107	48	8	0	3
3108	48	8	0	3
3109	47	8	0	3
3110	47	8	0	3
3111	46	8	0	3
3112	45	8	0	3
3113	45	8	0	3
3114	45	8	0	3
3115	45	8	0	3
3116	45	8	0	3
3117	45	8	0	3
3118	44	8	0	3
3119	44	8	0	3
3120	44	8	0	3
3121	43	8	0	3
3122	43	8	0	3
3123	43	8	0	3
3124	43	8	0	3
3125	43	8	0	3
3126	43	8	0	3
3127	43	8	0	3
3128	43	8	0	3
3129	43	8	0	3
3130	43	8	0	3
3131	43	8	0	3
3132	43	8	0	3
3133	43	8	0	3
3134	43	8	0	3
3135	43	8	0	3
3136	43	8	0	3
3137	43	8	0	3
3138	43	8	0	3
3139	43	8	0	3
3140	44	8	0	3
3141	44	8	0	3
3142	44	8	0	3
3143	44	8	0	3
3144	44	8	0	3
3145	44	8	0	3
3146	44	8	0	3
3147	45	8	0	3
3148	45	8	0	3
3149	45	8	0	3
3150	45	8	0	3
3151	45	8	0	3
3152	45	8	0	3
3153	45	8	0	3
3154	45	8	0	3
3155	45	8	0	3
3156	45	8	0	3
3157	45	8	0	3
3158	46	8	0	3
3159	46	8	0	3
3160	46	8	0	3
3161	46	8	0	3
3162	46	8	0	3
3163	46	8	0	3
3164	46	8	0	3
3165	46	8	0	3
3166	45	8	0	3
3167	45	8	0	3
3168	45	8	0	3
3169	45	8	0	3
3170	45	8	0	3
3171	45	8	0	3
3172	44	8	0	3
3173	44	8	0	3
3174	43	8	0	3
3175	42	8	0	3
3176	42	8	0	3
3177	42	8	0	3
3178	42	8	0	3
3179	41	8	0	3
3180	41	8	0	3
3181	41	8	0	3
3182	41	8	0	3
3183	41	8	0	3
3184	41	8	0	3
3185	41	8	0	3
3186	41	8	0	3
3187	40	8	0	3
3188	40	8	0	3
3189	40	8	0	3
3190	40	8	0	3
3191	40	8	0	3
3192	40	8	0	3
3193	40	8	0	3
3194	40	8	0	3
3195	40	8	0	3
3196	40	8	0	3
3197	39	8	0	3
3198	39	8	0	3
3199	39	8	0	3
3200	39	8	0	3
3201	39	8	0	3
3202	39	8	0	3
3203	39	8	0	3
3204	39	8	0	3
3205	39	8	0	3
3206	38	8	0	3
3207	38	8	0	3
3208	38	8	0	3
3209	38	8	0	3
3210	38	8	0	3
3211	38	8	0	3
3212	38	8	0	3
3213	38	8	0	3
3214	37	8	0	3
3215	37	8	0	3
3216	37	8	0	3
3217	37	8	0	3
3218	37	8	0	3
3219	36	8	0	3
3220	36	8	0	3
3221	36	8	0	3
3222	36	8	0	3
3223	36	8	0	3
3224	35	8	0	3
3225	35	8	0	3
3226	35	8	0	3
3227	35	8	0	3
3228	35	8	0	3
3229	34	8	0	3
3230	34	8	0	3
3231	34	8	0	3
3232	34	8	0	3
3233	34	8	0	3
3234	34	8	0	3
3235	34	8	0	3
3236	34	8	0	3
3237	33	8	0	3
3238	33	8	0	3
3239	33	8	0	3
3240	33	8	0	3
3241	33	8	0	3
3242	33	8	0	3
3243	31	8	0	3
3244	31	8	0	3
3245	31	8	0	3
3246	31	8	0	3
3247	31	8	0	3
3248	31	8	0	3
3249	31	8	0	3
3250	30	8	0	3
3251	30	8	0	3
3252	30	8	0	3
3253	30	8	0	3
3254	30	8	0	3
3255	30	8	0	3
3256	30	8	0	3
3257	30	8	0	3
3258	30	8	0	3
3259	30	8	0	3
3260	30	8	0	3
3261	29	8	0	3
3262	29	8	0	3
3263	28	8	0	3
3264	28	8	0	3
3265	28	8	0	3
3266	28	8	0	3
3267	27	8	0	3
3268	27	8	0	3
3269	27	8	0	3
3270	27	8	0	3
3271	27	8	0	3
3272	26	8	0	3
3273	26	8	0	3
3274	26	8	0	3
3275	26	8	0	3
3276	25	8	0	3
3277	25	8	0	3
3278	25	8	0	3
3279	25	8	0	3
3280	25	8	0	3
3281	25	8	0	3
3282	25	8	0	3
3283	25	8	0	3
3284	25	8	0	3
3285	25	8	0	3
3286	25	8	0	3
3287	25	8	0	3
3288	25	8	0	3
3289	25	8	0	3
3290	25	8	0	3
3291	25	8	0	3
3292	25	8	0	3
3293	25	8	0	3
3294	25	8	0	3
3295	25	8	0	3
3296	24	8	0	3
3297	24	8	0	3
3298	24	8	0	3
3299	24	8	0	3
3300	23	8	0	3
3301	23	8	0	3
3302	23	8	0	3
3303	22	8	0	3
3304	22	8	0	3
3305	21	8	0	3
3306	20	8	0	3
3307	20	8	0	3
3308	20	8	0	3
3309	20	8	0	3
3310	21	8	0	3
3311	21	8	0	3
3312	21	8	0	3
3313	21	8	0	3
3314	20	8	0	3
3315	20	8	0	3
3316	19	8	0	3
3317	19	8	0	3
3318	19	8	0	3
3319	19	8	0	3
3320	54	0	0	3
3321	54	0	0	3
3322	54	0	0	3
3323	53	0	0	3
3324	53	0	0	3
3325	53	0	0	3
3326	53	0	0	3
3327	53	0	0	3
3328	53	0	0	3
3329	53	0	0	3
3330	53	0	0	3
3331	53	0	0	3
3332	53	0	0	3
3333	53	0	0	3
3334	53	0	0	3
3335	53	0	0	3
3336	53	0	0	3
3337	53	0	0	3
3338	53	0	0	3
3339	53	0	0	3
3340	53	0	0	3
3341	53	0	0	3
3342	53	0	0	3
3343	53	0	0	3
3344	53	0	0	3
3345	53	0	0	3
3346	53	0	0	3
3347	53	0	0	3
3348	53	0	0	3
3349	53	0	0	3
3350	53	0	0	3
3351	53	0	0	3
3352	53	0	0	3
3353	53	0	0	3
3354	53	0	0	3
3355	53	0	0	3
3356	53	0	0	3
3357	53	0	0	3
3358	53	0	0	3
3359	53	0	0	3
3360	53	0	0	3
3361	53	0	0	3
3362	53	0	0	3
3363	53	0	0	3
3364	53	0	0	3
3365	53	0	0	3
3366	53	0	0	3
3367	53	0	0	3
3368	53	0	0	3
3369	53	0	0	3
3370	53	0	0	3
3371	53	0	0	3
3372	53	0	0	3
3373	53	0	0	3
3374	53	0	0	3
3375	53	0	0	3
3376	53	0	0	3
3377	53	0	0	3
3378	53	0	0	3
3379	53	0	0	3
3380	53	0	0	3
3381	53	0	0	3
3382	53	0	0	3
3383	53	0	0	3
3384	53	0	0	3
3385	53	0	0	3
3386	53	0	0	3
3387	53	0	0	3
3388	53	0	0	3
3389	53	0	0	3
3390	53	0	0	3
3391	53	0	0	3
3392	53	0	0	3
3393	53	0	0	3
3394	53	0	0	3
3395	53	0	0	3
3396	53	0	0	3
3397	53	0	0	3
3398	53	0	0	3
3399	53	0	0	3
3400	53	0	0	3
3401	53	0	0	3
3402	53	0	0	3
3403	53	0	0	3
3404	53	0	0	3
3405	53	0	0	3
3406	53	0	0	3
3407	53	0	0	3
3408	53	0	0	3
3409	53	0	0	3
3410	53	0	0	3
3411	51	0	0	3
3412	61	15	0	3
3413	61	15	0	3
3414	61	15	0	3
3415	61	15	0	3
3416	61	15	0	3
3417	61	15	0	3
3418	60	15	0	3
3419	60	15	0	3
3420	60	15	0	3
3421	60	15	0	3
3422	59	15	0	3
3423	59	15	0	3
3424	59	15	0	3
3425	58	15	0	3
3426	58	15	0	3
3427	57	15	0	3
3428	57	15	0	3
3429	57	15	0	3
3430	57	15	0	3
3431	56	15	0	3
3432	56	15	0	3
3433	56	15	0	3
3434	55	15	0	3
3435	55	15	0	3
3436	55	15	0	3
3437	54	15	0	3
3438	54	15	0	3
3439	54	15	0	3
3440	54	15	0	3
3441	54	15	0	3
3442	53	15	0	3
3443	53	15	0	3
3444	53	15	0	3
3445	52	15	0	3
3446	52	15	0	3
3447	51	15	0	3
3448	51	15	0	3
3449	50	15	0	3
3450	50	15	0	3
3451	50	15	0	3
3452	49	15	0	3
3453	48	15	0	3
3454	48	15	0	3
3455	48	15	0	3
3456	48	15	0	3
3457	48	15	0	3
3458	47	15	0	3
3459	47	15	0	3
3460	47	15	0	3
3461	47	15	0	3
3462	46	15	0	3
3463	46	15	0	3
3464	46	15	0	3
3465	46	15	0	3
3466	47	15	0	3
3467	47	15	0	3
3468	47	15	0	3
3469	48	15	0	3
3470	48	15	0	3
3471	48	15	0	3
3472	49	15	0	3
3473	49	15	0	3
3474	49	15	0	3
3475	50	15	0	3
3476	50	15	0	3
3477	51	15	0	3
3478	51	15	0	3
3479	51	15	0	3
3480	51	15	0	3
3481	51	15	0	3
3482	52	15	0	3
3483	52	15	0	3
3484	52	15	0	3
3485	52	15	0	3
3486	53	15	0	3
3487	53	15	0	3
3488	53	15	0	3
3489	53	15	0	3
3490	53	15	0	3
3491	52	15	0	3
3492	52	15	0	3
3493	52	15	0	3
3494	52	15	0	3
3495	52	15	0	3
3496	52	15	0	3
3497	52	15	0	3
3498	52	15	0	3
3499	52	15	0	3
3500	52	15	0	3
3501	52	15	0	3
3502	53	15	0	3
3503	53	15	0	3
3504	54	15	0	3
3505	54	15	0	3
3506	54	15	0	3
3507	55	15	0	3
3508	55	15	0	3
3509	55	15	0	3
3510	55	15	0	3
3511	55	15	0	3
3512	55	15	0	3
3513	55	15	0	3
3514	55	15	0	3
3515	55	15	0	3
3516	54	15	0	3
3517	54	15	0	3
3518	53	15	0	3
3519	52	15	0	3
3520	52	15	0	3
3521	51	15	0	3
3522	51	15	0	3
3523	50	15	0	3
3524	50	15	0	3
3525	48	15	0	3
3526	48	15	0	3
3527	47	15	0	3
3528	47	15	0	3
3529	47	15	0	3
3530	47	15	0	3
3531	47	15	0	3
3532	46	15	0	3
3533	46	15	0	3
3534	46	15	0	3
3535	45	15	0	3
3536	45	15	0	3
3537	45	15	0	3
3538	45	15	0	3
3539	45	15	0	3
3540	45	15	0	3
3541	44	15	0	3
3542	44	15	0	3
3543	44	15	0	3
3544	44	15	0	3
3545	44	15	0	3
3546	44	15	0	3
3547	44	15	0	3
3548	45	15	0	3
3549	45	15	0	3
3550	45	15	0	3
3551	45	15	0	3
3552	45	15	0	3
3553	45	15	0	3
3554	45	15	0	3
3555	45	15	0	3
3556	45	15	0	3
3557	45	15	0	3
3558	45	15	0	3
3559	45	15	0	3
3560	45	15	0	3
3561	45	15	0	3
3562	45	15	0	3
3563	45	15	0	3
3564	45	15	0	3
3565	45	15	0	3
3566	45	15	0	3
3567	45	15	0	3
3568	45	15	0	3
3569	45	15	0	3
3570	45	15	0	3
3571	45	15	0	3
3572	45	15	0	3
3573	45	15	0	3
3574	45	15	0	3
3575	45	15	0	3
3576	45	15	0	3
3577	45	15	0	3
3578	45	15	0	3
3579	45	15	0	3
3580	45	15	0	3
3581	44	15	0	3
3582	44	15	0	3
3583	44	15	0	3
3584	44	15	0	3
3585	44	15	0	3
3586	44	15	0	3
3587	44	15	0	3
3588	44	15	0	3
3589	43	15	0	3
3590	43	15	0	3
3591	43	15	0	3
3592	43	15	0	3
3593	43	15	0	3
3594	43	15	0	3
3595	43	15	0	3
3596	43	15	0	3
3597	43	15	0	3
3598	43	15	0	3
3599	43	15	0	3
3600	43	15	0	3
3601	43	15	0	3
3602	43	15	0	3
3603	43	15	0	3
3604	43	15	0	3
3605	43	15	0	3
3606	43	15	0	3
3607	43	15	0	3
3608	43	15	0	3
3609	43	15	0	3
3610	43	15	0	3
3611	43	15	0	3
3612	42	15	0	3
3613	42	15	0	3
3614	42	15	0	3
3615	42	15	0	3
3616	42	15	0	3
3617	42	15	0	3
3618	42	15	0	3
3619	42	15	0	3
3620	42	15	0	3
3621	42	15	0	3
3622	41	15	0	3
3623	41	15	0	3
3624	41	15	0	3
3625	41	15	0	3
3626	41	15	0	3
3627	41	15	0	3
3628	41	15	0	3
3629	41	15	0	3
3630	41	15	0	3
3631	40	15	0	3
3632	40	15	0	3
3633	40	15	0	3
3634	40	15	0	3
3635	40	15	0	3
3636	40	15	0	3
3637	39	15	0	3
3638	39	15	0	3
3639	39	15	0	3
3640	39	15	0	3
3641	39	15	0	3
3642	38	15	0	3
3643	38	15	0	3
3644	38	15	0	3
3645	38	15	0	3
3646	38	15	0	3
3647	37	15	0	3
3648	37	15	0	3
3649	37	15	0	3
3650	37	15	0	3
3651	37	15	0	3
3652	37	15	0	3
3653	37	15	0	3
3654	36	15	0	3
3655	36	15	0	3
3656	36	15	0	3
3657	36	15	0	3
3658	34	15	0	3
3659	34	15	0	3
3660	34	15	0	3
3661	33	15	0	3
3662	33	15	0	3
3663	33	15	0	3
3664	33	15	0	3
3665	32	15	0	3
3666	32	15	0	3
3667	32	15	0	3
3668	32	15	0	3
3669	32	15	0	3
3670	31	15	0	3
3671	31	15	0	3
3672	31	15	0	3
3673	31	15	0	3
3674	30	15	0	3
3675	30	15	0	3
3676	30	15	0	3
3677	30	15	0	3
3678	29	15	0	3
3679	29	15	0	3
3680	28	15	0	3
3681	28	15	0	3
3682	28	15	0	3
3683	27	15	0	3
3684	27	15	0	3
3685	27	15	0	3
3686	27	15	0	3
3687	26	15	0	3
3688	26	15	0	3
3689	26	15	0	3
3690	25	15	0	3
3691	25	15	0	3
3692	25	15	0	3
3693	25	15	0	3
3694	25	15	0	3
3695	25	15	0	3
3696	25	15	0	3
3697	25	15	0	3
3698	24	15	0	3
3699	24	15	0	3
3700	24	15	0	3
3701	25	15	0	3
3702	25	15	0	3
3703	25	15	0	3
3704	25	15	0	3
3705	25	15	0	3
3706	25	15	0	3
3707	25	15	0	3
3708	25	15	0	3
3709	24	15	0	3
3710	24	15	0	3
3711	24	15	0	3
3712	24	15	0	3
3713	24	15	0	3
3714	23	15	0	3
3715	23	15	0	3
3716	22	15	0	3
3717	22	15	0	3
3718	22	15	0	3
3719	21	15	0	3
3720	21	15	0	3
3721	20	15	0	3
3722	20	15	0	3
3723	20	15	0	3
3724	20	15	0	3
3725	21	15	0	3
3726	21	15	0	3
3727	21	15	0	3
3728	21	15	0	3
3729	20	15	0	3
3730	20	15	0	3
3731	19	15	0	3
3732	19	15	0	3
3733	19	15	0	3
3734	19	15	0	3
3735	34	0	0	3
3736	34	0	0	3
3737	34	0	0	3
3738	34	0	0	3
3739	34	0	0	3
3740	33	0	0	3
3741	33	0	0	3
3742	33	0	0	3
3743	33	0	0	3
3744	33	0	0	3
3745	33	0	0	3
3746	33	0	0	3
3747	33	0	0	3
3748	33	0	0	3
3749	33	0	0	3
3750	33	0	0	3
3751	33	0	0	3
3752	33	0	0	3
3753	33	0	0	3
3754	33	0	0	3
3755	33	0	0	3
3756	33	0	0	3
3757	33	0	0	3
3758	33	0	0	3
3759	33	0	0	3
3760	33	0	0	3
3761	33	0	0	3
3762	33	0	0	3
3763	33	0	0	3
3764	33	0	0	3
3765	33	0	0	3
3766	33	0	0	3
3767	33	0	0	3
3768	33	0	0	3
3769	33	0	0	3
3770	33	0	0	3
3771	33	0	0	3
3772	33	0	0	3
3773	33	0	0	3
3774	33	0	0	3
3775	33	0	0	3
3776	33	0	0	3
3777	33	0	0	3
3778	33	0	0	3
3779	33	0	0	3
3780	33	0	0	3
3781	33	0	0	3
3782	33	0	0	3
3783	33	0	0	3
3784	33	0	0	3
3785	33	0	0	3
3786	33	0	0	3
3787	33	0	0	3
3788	33	0	0	3
3789	33	0	0	3
3790	33	0	0	3
3791	33	0	0	3
3792	33	0	0	3
3793	33	0	0	3
3794	33	0	0	3
3795	33	0	0	3
3796	33	0	0	3
3797	33	0	0	3
3798	33	0	0	3
3799	33	0	0	3
3800	33	0	0	3
3801	33	0	0	3
3802	33	0	0	3
3803	33	0	0	3
3804	33	0	0	3
3805	33	0	0	3
3806	33	0	0	3
3807	33	0	0	3
3808	33	0	0	3
3809	33	0	0	3
3810	33	0	0	3
3811	33	0	0	3
3812	33	0	0	3
3813	33	0	0	3
3814	33	0	0	3
3815	33	0	0	3
3816	33	0	0	3
3817	33	0	0	3
3818	33	0	0	3
3819	33	0	0	3
3820	33	0	0	3
3821	33	0	0	3
3822	33	0	0	3
3823	33	0	0	3
3824	33	0	0	3
3825	33	0	0	3
3826	31	0	0	3
3827	67	31	0	3
3828	67	31	0	3
3829	67	31	0	3
3830	67	31	0	3
3831	67	31	0	3
3832	67	31	0	3
3833	66	31	0	3
3834	66	31	0	3
3835	66	31	0	3
3836	66	31	0	3
3837	66	31	0	3
3838	65	31	0	3
3839	65	31	0	3
3840	65	31	0	3
3841	64	31	0	3
3842	64	31	0	3
3843	64	31	0	3
3844	64	31	0	3
3845	64	31	0	3
3846	64	31	0	3
3847	64	31	0	3
3848	64	31	0	3
3849	64	31	0	3
3850	63	31	0	3
3851	63	31	0	3
3852	62	31	0	3
3853	62	31	0	3
3854	62	31	0	3
3855	62	31	0	3
3856	62	31	0	3
3857	61	31	0	3
3858	61	31	0	3
3859	60	31	0	3
3860	60	31	0	3
3861	60	31	0	3
3862	60	31	0	3
3863	60	31	0	3
3864	60	31	0	3
3865	60	31	0	3
3866	60	31	0	3
3867	59	31	0	3
3868	58	31	0	3
3869	58	31	0	3
3870	57	31	0	3
3871	56	31	0	3
3872	56	31	0	3
3873	55	31	0	3
3874	54	31	0	3
3875	54	31	0	3
3876	53	31	0	3
3877	53	31	0	3
3878	52	31	0	3
3879	52	31	0	3
3880	52	31	0	3
3881	52	31	0	3
3882	52	31	0	3
3883	53	31	0	3
3884	53	31	0	3
3885	53	31	0	3
3886	54	31	0	3
3887	54	31	0	3
3888	54	31	0	3
3889	55	31	0	3
3890	55	31	0	3
3891	55	31	0	3
3892	55	31	0	3
3893	55	31	0	3
3894	55	31	0	3
3895	55	31	0	3
3896	55	31	0	3
3897	55	31	0	3
3898	55	31	0	3
3899	55	31	0	3
3900	55	31	0	3
3901	55	31	0	3
3902	55	31	0	3
3903	55	31	0	3
3904	54	31	0	3
3905	54	31	0	3
3906	54	31	0	3
3907	53	31	0	3
3908	53	31	0	3
3909	53	31	0	3
3910	53	31	0	3
3911	53	31	0	3
3912	53	31	0	3
3913	53	31	0	3
3914	53	31	0	3
3915	53	31	0	3
3916	53	31	0	3
3917	53	31	0	3
3918	53	31	0	3
3919	53	31	0	3
3920	53	31	0	3
3921	54	31	0	3
3922	54	31	0	3
3923	54	31	0	3
3924	54	31	0	3
3925	55	31	0	3
3926	55	31	0	3
3927	55	31	0	3
3928	55	31	0	3
3929	56	31	0	3
3930	56	31	0	3
3931	56	31	0	3
3932	56	31	0	3
3933	56	31	0	3
3934	56	31	0	3
3935	56	31	0	3
3936	56	31	0	3
3937	56	31	0	3
3938	56	31	0	3
3939	56	31	0	3
3940	55	31	0	3
3941	54	31	0	3
3942	54	31	0	3
3943	53	31	0	3
3944	53	31	0	3
3945	53	31	0	3
3946	52	31	0	3
3947	52	31	0	3
3948	52	31	0	3
3949	51	31	0	3
3950	51	31	0	3
3951	51	31	0	3
3952	51	31	0	3
3953	50	31	0	3
3954	50	31	0	3
3955	50	31	0	3
3956	50	31	0	3
3957	50	31	0	3
3958	50	31	0	3
3959	50	31	0	3
3960	50	31	0	3
3961	50	31	0	3
3962	50	31	0	3
3963	50	31	0	3
3964	50	31	0	3
3965	50	31	0	3
3966	50	31	0	3
3967	50	31	0	3
3968	50	31	0	3
3969	50	31	0	3
3970	50	31	0	3
3971	50	31	0	3
3972	49	31	0	3
3973	49	31	0	3
3974	49	31	0	3
3975	49	31	0	3
3976	49	31	0	3
3977	49	31	0	3
3978	49	31	0	3
3979	49	31	0	3
3980	49	31	0	3
3981	49	31	0	3
3982	49	31	0	3
3983	49	31	0	3
3984	49	31	0	3
3985	49	31	0	3
3986	49	31	0	3
3987	49	31	0	3
3988	49	31	0	3
3989	49	31	0	3
3990	49	31	0	3
3991	49	31	0	3
3992	49	31	0	3
3993	49	31	0	3
3994	49	31	0	3
3995	49	31	0	3
3996	49	31	0	3
3997	49	31	0	3
3998	49	31	0	3
3999	49	31	0	3
4000	49	31	0	3
4001	48	31	0	3
4002	48	31	0	3
4003	48	31	0	3
4004	47	31	0	3
4005	47	31	0	3
4006	47	31	0	3
4007	47	31	0	3
4008	47	31	0	3
4009	47	31	0	3
4010	47	31	0	3
4011	47	31	0	3
4012	47	31	0	3
4013	47	31	0	3
4014	47	31	0	3
4015	47	31	0	3
4016	47	31	0	3
4017	46	31	0	3
4018	46	31	0	3
4019	46	31	0	3
4020	46	31	0	3
4021	46	31	0	3
4022	46	31	0	3
4023	46	31	0	3
4024	46	31	0	3
4025	46	31	0	3
4026	46	31	0	3
4027	46	31	0	3
4028	46	31	0	3
4029	46	31	0	3
4030	45	31	0	3
4031	45	31	0	3
4032	45	31	0	3
4033	45	31	0	3
4034	45	31	0	3
4035	45	31	0	3
4036	45	31	0	3
4037	45	31	0	3
4038	44	31	0	3
4039	44	31	0	3
4040	44	31	0	3
4041	44	31	0	3
4042	44	31	0	3
4043	44	31	0	3
4044	44	31	0	3
4045	44	31	0	3
4046	44	31	0	3
4047	43	31	0	3
4048	43	31	0	3
4049	43	31	0	3
4050	42	31	0	3
4051	42	31	0	3
4052	42	31	0	3
4053	41	31	0	3
4054	41	31	0	3
4055	41	31	0	3
4056	40	31	0	3
4057	40	31	0	3
4058	39	31	0	3
4059	39	31	0	3
4060	39	31	0	3
4061	38	31	0	3
4062	38	31	0	3
4063	38	31	0	3
4064	37	31	0	3
4065	37	31	0	3
4066	36	31	0	3
4067	36	31	0	3
4068	35	31	0	3
4069	35	31	0	3
4070	34	31	0	3
4071	34	31	0	3
4072	33	31	0	3
4073	32	31	0	3
4074	31	31	0	3
4075	31	31	0	3
4076	30	31	0	3
4077	30	31	0	3
4078	29	31	0	3
4079	29	31	0	3
4080	29	31	0	3
4081	28	31	0	3
4082	28	31	0	3
4083	27	31	0	3
4084	27	31	0	3
4085	26	31	0	3
4086	26	31	0	3
4087	26	31	0	3
4088	25	31	0	3
4089	25	31	0	3
4090	25	31	0	3
4091	24	31	0	3
4092	24	31	0	3
4093	23	31	0	3
4094	23	31	0	3
4095	23	31	0	3
4096	22	31	0	3
4097	22	31	0	3
4098	21	31	0	3
4099	21	31	0	3
4100	21	31	0	3
4101	21	31	0	3
4102	21	31	0	3
4103	20	31	0	3
4104	20	31	0	3
4105	20	31	0	3
4106	20	31	0	3
4107	19	31	0	3
4108	19	31	0	3
4109	19	31	0	3
4110	19	31	0	3
4111	19	31	0	3
4112	19	31	0	3
4113	19	31	0	3
4114	19	31	0	3
4115	20	31	0	3
4116	20	31	0	3
4117	20	31	0	3
4118	20	31	0	3
4119	21	31	0	3
4120	21	31	0	3
4121	21	31	0	3
4122	21	31	0	3
4123	21	31	0	3
4124	22	31	0	3
4125	22	31	0	3
4126	22	31	0	3
4127	22	31	0	3
4128	22	31	0	3
4129	22	31	0	3
4130	22	31	0	3
4131	22	31	0	3
4132	22	31	0	3
4133	21	31	0	3
4134	21	31	0	3
4135	21	31	0	3
4136	20	31	0	3
4137	20	31	0	3
4138	20	31	0	3
4139	21	31	0	3
4140	21	31	0	3
4141	21	31	0	3
4142	21	31	0	3
4143	21	31	0	3
4144	21	31	0	3
4145	20	31	0	3
4146	20	31	0	3
4147	20	31	0	3
4148	20	31	0	3
4149	20	31	0	3
4150	14	0	0	3
4151	14	0	0	3
4152	14	0	0	3
4153	14	0	0	3
4154	14	0	0	3
4155	14	0	0	3
4156	14	0	0	3
4157	14	0	0	3
4158	14	0	0	3
4159	14	0	0	3
4160	13	0	0	3
4161	14	0	0	3
4162	14	0	0	3
4163	14	0	0	3
4164	14	0	0	3
4165	14	0	0	3
4166	14	0	0	3
4167	14	0	0	3
4168	14	0	0	3
4169	14	0	0	3
4170	14	0	0	3
4171	14	0	0	3
4172	14	0	0	3
4173	14	0	0	3
4174	14	0	0	3
4175	14	0	0	3
4176	14	0	0	3
4177	14	0	0	3
4178	14	0	0	3
4179	14	0	0	3
4180	14	0	0	3
4181	14	0	0	3
4182	14	0	0	3
4183	14	0	0	3
4184	14	0	0	3
4185	14	0	0	3
4186	14	0	0	3
4187	14	0	0	3
4188	14	0	0	3
4189	14	0	0	3
4190	14	0	0	3
4191	14	0	0	3
4192	14	0	0	3
4193	14	0	0	3
4194	14	0	0	3
4195	14	0	0	3
4196	14	0	0	3
4197	14	0	0	3
4198	14	0	0	3
4199	14	0	0	3
4200	14	0	0	3
4201	14	0	0	3
4202	14	0	0	3
4203	13	0	0	3
4204	14	0	0	3
4205	13	0	0	3
4206	14	0	0	3
4207	13	0	0	3
4208	14	0	0	3
4209	13	0	0	3
4210	14	0	0	3
4211	13	0	0	3
4212	14	0	0	3
4213	13	0	0	3
4214	14	0	0	3
4215	13	0	0	3
4216	14	0	0	3
4217	13	0	0	3
4218	14	0	0	3
4219	13	0	0	3
4220	13	0	0	3
4221	13	0	0	3
4222	13	0	0	3
4223	13	0	0	3
4224	13	0	0	3
4225	13	0	0	3
4226	13	0	0	3
4227	13	0	0	3
4228	13	0	0	3
4229	13	0	0	3
4230	13	0	0	3
4231	13	0	0	3
4232	13	0	0	3
4233	13	0	0	3
4234	13	0	0	3
4235	13	0	0	3
4236	13	0	0	3
4237	13	0	0	3
4238	13	0	0	3
4239	13	0	0	3
4240	13	0	0	3
4241	12	0	0	3
4242	55	63	0	3
4243	55	63	0	3
4244	55	63	0	3
4245	55	63	0	3
4246	55	63	0	3
4247	55	63	0	3
4248	55	63	0	3
4249	55	63	0	3
4250	55	63	0	3
4251	55	63	0	3
4252	54	63	0	3
4253	54	63	0	3
4254	54	63	0	3
4255	54	63	0	3
4256	54	63	0	3
4257	54	63	0	3
4258	54	63	0	3
4259	54	63	0	3
4260	53	63	0	3
4261	53	63	0	3
4262	53	63	0	3
4263	54	63	0	3
4264	54	63	0	3
4265	54	63	0	3
4266	54	63	0	3
4267	54	63	0	3
4268	54	63	0	3
4269	54	63	0	3
4270	53	63	0	3
4271	53	63	0	3
4272	53	63	0	3
4273	53	63	0	3
4274	53	63	0	3
4275	54	63	0	3
4276	54	63	0	3
4277	54	63	0	3
4278	54	63	0	3
4279	54	63	0	3
4280	54	63	0	3
4281	54	63	0	3
4282	54	63	0	3
4283	54	63	0	3
4284	54	63	0	3
4285	54	63	0	3
4286	54	63	0	3
4287	54	63	0	3
4288	53	63	0	3
4289	53	63	0	3
4290	53	63	0	3
4291	52	63	0	3
4292	52	63	0	3
4293	51	63	0	3
4294	51	63	0	3
4295	50	63	0	3
4296	50	63	0	3
4297	49	63	0	3
4298	48	63	0	3
4299	48	63	0	3
4300	47	63	0	3
4301	46	63	0	3
4302	46	63	0	3
4303	45	63	0	3
4304	44	63	0	3
4305	44	63	0	3
4306	43	63	0	3
4307	42	63	0	3
4308	42	63	0	3
4309	41	63	0	3
4310	40	63	0	3
4311	40	63	0	3
4312	39	63	0	3
4313	39	63	0	3
4314	38	63	0	3
4315	38	63	0	3
4316	37	63	0	3
4317	37	63	0	3
4318	37	63	0	3
4319	37	63	0	3
4320	36	63	0	3
4321	36	63	0	3
4322	36	63	0	3
4323	36	63	0	3
4324	36	63	0	3
4325	36	63	0	3
4326	36	63	0	3
4327	36	63	0	3
4328	36	63	0	3
4329	36	63	0	3
4330	36	63	0	3
4331	36	63	0	3
4332	37	63	0	3
4333	37	63	0	3
4334	38	63	0	3
4335	38	63	0	3
4336	39	63	0	3
4337	39	63	0	3
4338	40	63	0	3
4339	40	63	0	3
4340	40	63	0	3
4341	41	63	0	3
4342	41	63	0	3
4343	42	63	0	3
4344	42	63	0	3
4345	42	63	0	3
4346	43	63	0	3
4347	44	63	0	3
4348	44	63	0	3
4349	44	63	0	3
4350	44	63	0	3
4351	44	63	0	3
4352	44	63	0	3
4353	44	63	0	3
4354	44	63	0	3
4355	44	63	0	3
4356	44	63	0	3
4357	44	63	0	3
4358	45	63	0	3
4359	41	63	0	3
4360	42	63	0	3
4361	42	63	0	3
4362	42	63	0	3
4363	42	63	0	3
4364	42	63	0	3
4365	42	63	0	3
4366	42	63	0	3
4367	42	63	0	3
4368	42	63	0	3
4369	42	63	0	3
4370	41	63	0	3
4371	41	63	0	3
4372	41	63	0	3
4373	41	63	0	3
4374	40	63	0	3
4375	40	63	0	3
4376	40	63	0	3
4377	39	63	0	3
4378	39	63	0	3
4379	38	63	0	3
4380	38	63	0	3
4381	37	63	0	3
4382	37	63	0	3
4383	37	63	0	3
4384	37	63	0	3
4385	37	63	0	3
4386	38	63	0	3
4387	39	63	0	3
4388	39	63	0	3
4389	40	63	0	3
4390	40	63	0	3
4391	40	63	0	3
4392	40	63	0	3
4393	40	63	0	3
4394	40	63	0	3
4395	40	63	0	3
4396	40	63	0	3
4397	40	63	0	3
4398	40	63	0	3
4399	40	63	0	3
4400	39	63	0	3
4401	39	63	0	3
4402	39	63	0	3
4403	38	63	0	3
4404	38	63	0	3
4405	38	63	0	3
4406	39	63	0	3
4407	39	63	0	3
4408	39	63	0	3
4409	38	63	0	3
4410	38	63	0	3
4411	38	63	0	3
4412	38	63	0	3
4413	37	63	0	3
4414	37	63	0	3
4415	37	63	0	3
4416	37	63	0	3
4417	37	63	0	3
4418	36	63	0	3
4419	36	63	0	3
4420	36	63	0	3
4421	36	63	0	3
4422	36	63	0	3
4423	36	63	0	3
4424	35	63	0	3
4425	35	63	0	3
4426	35	63	0	3
4427	35	63	0	3
4428	35	63	0	3
4429	35	63	0	3
4430	35	63	0	3
4431	35	63	0	3
4432	35	63	0	3
4433	35	63	0	3
4434	35	63	0	3
4435	34	63	0	3
4436	34	63	0	3
4437	34	63	0	3
4438	34	63	0	3
4439	34	63	0	3
4440	34	63	0	3
4441	34	63	0	3
4442	34	63	0	3
4443	34	63	0	3
4444	34	63	0	3
4445	33	63	0	3
4446	33	63	0	3
4447	33	63	0	3
4448	33	63	0	3
4449	33	63	0	3
4450	32	63	0	3
4451	32	63	0	3
4452	32	63	0	3
4453	32	63	0	3
4454	32	63	0	3
4455	31	63	0	3
4456	31	63	0	3
4457	31	63	0	3
4458	31	63	0	3
4459	30	63	0	3
4460	30	63	0	3
4461	30	63	0	3
4462	29	63	0	3
4463	28	63	0	3
4464	28	63	0	3
4465	27	63	0	3
4466	27	63	0	3
4467	27	63	0	3
4468	26	63	0	3
4469	26	63	0	3
4470	25	63	0	3
4471	25	63	0	3
4472	24	63	0	3
4473	24	63	0	3
4474	23	63	0	3
4475	22	63	0	3
4476	22	63	0	3
4477	21	63	0	3
4478	20	63	0	3
4479	20	63	0	3
4480	19	63	0	3
4481	19	63	0	3
4482	18	63	0	3
4483	18	63	0	3
4484	17	63	0	3
4485	17	63	0	3
4486	17	63	0	3
4487	16	63	0	3
4488	15	63	0	3
4489	14	63	0	3
4490	14	63	0	3
4491	13	63	0	3
4492	13	63	0	3
4493	12	63	0	3
4494	12	63	0	3
4495	11	63	0	3
4496	11	63	0	3
4497	11	63	0	3
4498	10	63	0	3
4499	10	63	0	3
4500	9	63	0	3
4501	9	63	0	3
4502	8	63	0	3
4503	8	63	0	3
4504	8	63	0	3
4505	7	63	0	3
4506	7	63	0	3
4507	7	63	0	3
4508	6	63	0	3
4509	6	63	0	3
4510	5	63	0	3
4511	5	63	0	3
4512	4	63	0	3
4513	4	63	0	3
4514	4	63	0	3
4515	4	63	0	3
4516	4	63	0	3
4517	3	63	0	3
4518	3	63	0	3
4519	3	63	0	3
4520	2	63	0	3
4521	2	63	0	3
4522	2	63	0	3
4523	2	63	0	3
4524	2	63	0	3
4525	1	63	0	3
4526	1	63	0	3
4527	1	63	0	3
4528	1	63	0	3
4529	1	63	0	3
4530	2	63	0	3
4531	2	63	0	3
4532	2	63	0	3
4533	2	63	0	3
4534	2	63	0	3
4535	3	63	0	3
4536	3	63	0	3
4537	3	63	0	3
4538	3	63	0	3
4539	3	63	0	3
4540	4	63	0	3
4541	4	63	0	3
4542	4	63	0	3
4543	4	63	0	3
4544	5	63	0	3
4545	5	63	0	3
4546	5	63	0	3
4547	5	63	0	3
4548	5	63	0	3
4549	5	63	0	3
4550	5	63	0	3
4551	6	63	0	3
4552	6	63	0	3
4553	7	63	0	3
4554	6	63	0	3
4555	6	63	0	3
4556	5	63	0	3
4557	4	63	0	3
4558	4	63	0	3
4559	4	63	0	3
4560	4	63	0	3
4561	4	63	0	3
4562	4	63	0	3
4563	4	63	0	3
4564	4	63	0	3
